# Contact: David Bailey dbailey@ucar.edu
# Corresponding HIST file: n/a
# Components of the Arctic snow on sea ice mass budget (Kg s-1):
# Year  Month   Area (Km**2)    Mass (Kg)     sndmasssnf    sndmassmelt      sndmasssi   sndmasswindrif    sndmasssubl     sndmassdyn        total
     1      1    8.14850e+06  3.98278e+14    3.33082e+07   -3.69020e+01   -3.70142e+05      0.00000e+00    2.38964e+06   -6.93763e+06  2.83900e+07
     1      2    8.35909e+06  4.68740e+14    2.72018e+07   -2.24058e-03   -2.23215e+05      0.00000e+00    2.67441e+06   -5.63468e+06  2.40183e+07
     1      3    8.44955e+06  5.40449e+14    3.27637e+07   -1.10115e+05   -3.05421e+05      0.00000e+00    2.28206e+06   -5.13383e+06  2.94963e+07
     1      4    8.39949e+06  6.08729e+14    4.17921e+07   -5.79423e+06   -1.05757e+06      0.00000e+00    3.96613e+05   -1.06563e+07  2.46805e+07
     1      5    8.03650e+06  6.35243e+14    3.01202e+07   -2.80499e+07   -5.44012e+05      0.00000e+00   -1.06970e+07   -6.08394e+06 -1.52547e+07
     1      6    7.34610e+06  3.62742e+14    1.47556e+07   -2.11114e+08   -4.05966e+05      0.00000e+00   -1.74423e+07   -7.87582e+06 -2.22083e+08
     1      7    6.37794e+06  7.02348e+12    2.00769e+07   -2.96872e+07   -9.70516e+02      0.00000e+00   -4.34100e+06    7.21329e+05 -1.32309e+07
     1      8    5.24822e+06  6.66250e+12    2.30105e+07   -1.24078e+07   -1.73943e+04      0.00000e+00   -5.28825e+06    3.94527e+05  5.69158e+06
     1      9    4.73483e+06  3.27447e+13    2.47035e+07   -2.01811e+06   -6.32406e+04      0.00000e+00   -4.11912e+06    1.34479e+05  1.86375e+07
     1     10    5.41987e+06  1.07529e+14    4.23657e+07   -3.70281e+05   -5.28982e+05      0.00000e+00    1.74078e+06   -3.93725e+06  3.92700e+07
     1     11    6.96056e+06  2.08920e+14    3.80170e+07   -5.63595e+03   -3.78708e+05      0.00000e+00    1.26563e+05   -4.63822e+06  3.31210e+07
     1     12    8.07270e+06  3.13804e+14    4.77747e+07   -4.29954e+05   -1.39330e+05      0.00000e+00    1.57614e+06   -7.87012e+06  4.09115e+07
     2      1    8.39628e+06  4.21329e+14    5.01378e+07   -1.29506e+05   -1.17043e+05      0.00000e+00    1.89734e+06   -6.27296e+06  4.55156e+07
     2      2    8.42049e+06  5.14360e+14    3.53155e+07   -2.86038e+05   -3.40369e+05      0.00000e+00    2.91367e+06   -1.25516e+07  2.50512e+07
     2      3    8.54931e+06  5.81717e+14    3.61487e+07   -7.54249e+04   -5.67968e+05      0.00000e+00    2.38362e+06   -8.64459e+06  2.92443e+07
     2      4    8.46425e+06  6.58982e+14    3.81737e+07   -2.10059e+06   -9.98163e+05      0.00000e+00    6.74367e+05   -8.06967e+06  2.76796e+07
     2      5    7.94517e+06  6.69721e+14    5.21530e+07   -6.43106e+07   -6.63860e+05      0.00000e+00   -1.81771e+07   -1.05475e+07 -4.15460e+07
     2      6    7.10384e+06  2.61781e+14    2.78498e+07   -2.28921e+08   -6.87900e+04      0.00000e+00   -1.31768e+07   -5.40928e+06 -2.19726e+08
     2      7    6.09224e+06  2.58088e+12    2.09121e+07   -2.07566e+07   -2.82510e+02      0.00000e+00   -3.82367e+06    1.75640e+05 -3.49287e+06
     2      8    4.59765e+06  7.09393e+12    3.01371e+07   -1.65426e+07   -2.23939e+04      0.00000e+00   -5.72178e+06   -3.53249e+05  7.49709e+06
     2      9    3.81917e+06  3.73562e+13    2.08690e+07   -3.53064e+06   -7.63039e+04      0.00000e+00   -4.26623e+06    6.94482e+04  1.30653e+07
     2     10    5.89852e+06  9.31394e+13    3.38181e+07   -1.52071e+04   -2.42392e+05      0.00000e+00   -4.80345e+05   -2.69172e+06  3.03885e+07
     2     11    7.53367e+06  1.74390e+14    3.37401e+07   -5.46466e+00   -1.96406e+05      0.00000e+00    1.17718e+06   -4.85735e+06  2.98636e+07
     2     12    8.38786e+06  2.55460e+14    3.59944e+07   -8.58733e+03   -2.70672e+05      0.00000e+00    2.30164e+06   -6.34475e+06  3.16721e+07
     3      1    8.49657e+06  3.48455e+14    4.44957e+07   -3.56893e+06   -2.78693e+05      0.00000e+00    2.22534e+06   -9.32101e+06  3.35524e+07
     3      2    8.49439e+06  4.36182e+14    5.02545e+07   -1.47613e+06   -9.69188e+05      0.00000e+00    2.93196e+06   -1.37877e+07  3.69534e+07
     3      3    8.51796e+06  5.16597e+14    4.12676e+07   -2.07429e+05   -1.57754e+06      0.00000e+00    2.02166e+06   -1.32180e+07  2.82863e+07
     3      4    8.50767e+06  5.86828e+14    3.91397e+07   -1.83442e+06   -2.36468e+06      0.00000e+00    3.26733e+05   -1.18047e+07  2.34627e+07
     3      5    8.10332e+06  5.93435e+14    3.41578e+07   -5.08938e+07   -2.08119e+06      0.00000e+00   -1.15795e+07   -8.09402e+06 -3.84908e+07
     3      6    7.27728e+06  1.88510e+14    2.58571e+07   -1.94554e+08   -1.55211e+05      0.00000e+00   -1.48828e+07   -5.72459e+06 -1.89460e+08
     3      7    6.01887e+06  4.54474e+12    2.30185e+07   -2.40879e+07   -1.69913e+03      0.00000e+00   -3.89947e+06   -3.81137e+05 -5.35172e+06
     3      8    4.37394e+06  6.17717e+12    2.87358e+07   -1.65046e+07   -1.27198e+04      0.00000e+00   -6.79909e+06   -8.39523e+05  4.57989e+06
     3      9    3.61329e+06  3.24548e+13    2.30437e+07   -9.98871e+05   -3.17793e+05      0.00000e+00   -4.77747e+06   -5.67405e+05  1.63821e+07
     3     10    5.06155e+06  1.02595e+14    3.77575e+07   -9.30430e+05   -8.06085e+05      0.00000e+00   -8.12657e+05   -2.90765e+06  3.23007e+07
     3     11    7.42934e+06  1.82716e+14    4.00034e+07   -1.24102e+04   -1.47041e+05      0.00000e+00   -3.24743e+04   -4.03112e+06  3.57804e+07
     3     12    7.87559e+06  2.73296e+14    4.13870e+07   -6.15829e+04   -4.03792e+05      0.00000e+00    1.57063e+06   -9.11331e+06  3.33789e+07
     4      1    8.15684e+06  3.61265e+14    3.54695e+07   -1.35309e-03   -9.72351e+04      0.00000e+00    2.41252e+06   -7.34177e+06  3.04430e+07
     4      2    8.33232e+06  4.57130e+14    5.74635e+07   -7.82649e+05   -3.36258e+05      0.00000e+00    1.95255e+06   -1.08239e+07  4.74733e+07
     4      3    8.35507e+06  5.96270e+14    6.15464e+07   -6.86652e+05   -1.27386e+06      0.00000e+00    1.92428e+06   -1.34751e+07  4.80350e+07
     4      4    8.38370e+06  7.21393e+14    6.71160e+07   -6.06039e+06   -1.82987e+06      0.00000e+00    4.08340e+05   -1.42259e+07  4.54081e+07
     4      5    7.84695e+06  7.60993e+14    4.70410e+07   -4.64241e+07   -4.01125e+05      0.00000e+00   -1.56021e+07   -9.52291e+06 -2.49092e+07
     4      6    7.14240e+06  3.42027e+14    2.78472e+07   -2.64139e+08   -1.15680e+05      0.00000e+00   -1.43938e+07   -8.63272e+06 -2.59434e+08
     4      7    6.05807e+06  1.08716e+13    2.25208e+07   -2.98969e+07   -1.40878e+02      0.00000e+00   -5.53298e+06    2.31391e+05 -1.26779e+07
     4      8    4.72949e+06  6.65945e+12    2.69300e+07   -1.23041e+07   -1.65636e+04      0.00000e+00   -7.15594e+06    4.11504e+04  7.49453e+06
     4      9    4.28713e+06  4.64138e+13    3.32679e+07   -3.44355e+06   -1.89212e+05      0.00000e+00   -4.95626e+06   -3.39851e+05  2.43391e+07
     4     10    6.11120e+06  1.22727e+14    3.60543e+07   -1.55586e+05   -1.07890e+05      0.00000e+00   -2.67383e+05   -2.55614e+06  3.29673e+07
     4     11    7.54832e+06  2.26739e+14    5.50244e+07   -1.64072e+05   -4.48246e+05      0.00000e+00    1.94201e+06   -8.74568e+06  4.76084e+07
     4     12    8.17445e+06  3.45313e+14    4.37574e+07   -2.03121e+05   -5.94757e+05      0.00000e+00    2.38302e+06   -9.98692e+06  3.53556e+07
     5      1    8.55142e+06  4.32886e+14    4.12833e+07   -1.15290e+06   -4.89641e+05      0.00000e+00    2.27206e+06   -7.56564e+06  3.43472e+07
     5      2    8.49352e+06  5.30378e+14    4.60835e+07   -2.34522e+05   -6.38729e+05      0.00000e+00    3.52892e+06   -7.95337e+06  4.07858e+07
     5      3    8.48301e+06  6.23183e+14    4.56532e+07   -3.65313e+05   -8.78557e+05      0.00000e+00    2.85180e+06   -1.19077e+07  3.53534e+07
     5      4    8.26538e+06  7.06397e+14    3.75364e+07   -9.53114e+06   -9.42299e+05      0.00000e+00    1.07755e+06   -1.09543e+07  1.71861e+07
     5      5    7.79837e+06  6.56658e+14    3.41813e+07   -9.62472e+07   -1.25284e+06      0.00000e+00   -1.45515e+07   -1.56045e+07 -9.34746e+07
     5      6    7.03577e+06  1.97845e+14    2.68306e+07   -1.85117e+08   -1.25589e+05      0.00000e+00   -1.46082e+07   -5.30789e+06 -1.78328e+08
     5      7    5.66941e+06  7.00237e+12    1.66401e+07   -1.83081e+07   -3.14011e+04      0.00000e+00   -4.74796e+06    3.24456e+05 -6.12288e+06
     5      8    3.98057e+06  5.85122e+12    1.80304e+07   -7.29304e+06   -1.21915e+05      0.00000e+00   -5.28040e+06    1.13888e+05  5.44891e+06
     5      9    3.58333e+06  2.74362e+13    2.20947e+07   -1.03273e+06   -9.56177e+04      0.00000e+00   -4.05978e+06   -1.24545e+06  1.56611e+07
     5     10    5.43364e+06  9.91736e+13    3.48008e+07   -3.06301e+04   -2.79934e+05      0.00000e+00   -2.57523e+05   -3.74503e+06  3.04877e+07
     5     11    7.35282e+06  1.69340e+14    2.71132e+07   -6.07850e+01   -6.20954e+04      0.00000e+00    7.48961e+05   -3.04004e+06  2.47599e+07
     5     12    7.96193e+06  2.69867e+14    5.36208e+07   -2.46300e+05   -2.61573e+05      0.00000e+00    1.66332e+06   -9.13819e+06  4.56380e+07
     6      1    8.20415e+06  3.80862e+14    4.81298e+07   -1.41134e+04   -7.14583e+05      0.00000e+00    1.93403e+06   -9.38693e+06  3.99482e+07
     6      2    8.29328e+06  4.83846e+14    6.29963e+07   -5.42036e+04   -1.02273e+06      0.00000e+00    2.77836e+06   -1.40764e+07  5.06212e+07
     6      3    8.31352e+06  6.15299e+14    6.31164e+07   -1.41074e+06   -1.33660e+06      0.00000e+00    2.54181e+06   -1.56332e+07  4.72776e+07
     6      4    8.23283e+06  7.33776e+14    5.33317e+07   -2.62271e+06   -1.45368e+06      0.00000e+00    2.34993e+05   -1.48083e+07  3.46820e+07
     6      5    7.81241e+06  7.58988e+14    3.60651e+07   -4.98214e+07   -1.37275e+06      0.00000e+00   -1.45900e+07   -9.40905e+06 -3.91280e+07
     6      6    6.91415e+06  3.02597e+14    2.67963e+07   -2.49707e+08   -5.04448e+05      0.00000e+00   -1.69073e+07   -6.96583e+06 -2.47288e+08
     6      7    5.44372e+06  7.51879e+12    2.12228e+07   -2.84099e+07   -1.70739e+04      0.00000e+00   -3.27225e+06    4.99851e+05 -9.97662e+06
     6      8    3.85701e+06  4.05228e+12    1.96507e+07   -1.20047e+07   -1.40275e+03      0.00000e+00   -4.18831e+06   -4.35680e+05  3.02060e+06
     6      9    3.09745e+06  2.70432e+13    2.29771e+07   -6.89271e+05   -1.89135e+05      0.00000e+00   -3.93486e+06   -1.43966e+06  1.67242e+07
     6     10    4.27946e+06  9.34865e+13    3.22620e+07   -8.33878e+04   -3.96853e+05      0.00000e+00    1.32900e+05   -3.22384e+06  2.86908e+07
     6     11    6.72929e+06  1.70784e+14    3.68113e+07   -1.91544e+04   -3.78043e+05      0.00000e+00   -4.38319e+05   -5.42193e+06  3.05539e+07
     6     12    7.79258e+06  2.40061e+14    3.26626e+07   -2.25925e+03   -3.82212e+05      0.00000e+00    1.41683e+06   -9.65228e+06  2.40427e+07
     7      1    7.85716e+06  3.25854e+14    5.06539e+07   -3.19656e+05   -1.25057e+06      0.00000e+00    2.53255e+06   -1.51306e+07  3.64857e+07
     7      2    8.03956e+06  4.12684e+14    4.14229e+07   -2.64210e+04   -1.02628e+06      0.00000e+00    3.14087e+06   -1.73811e+07  2.61299e+07
     7      3    8.18834e+06  4.81432e+14    4.44286e+07   -1.75646e+05   -1.46897e+06      0.00000e+00    2.13228e+06   -1.35113e+07  3.14050e+07
     7      4    8.12103e+06  5.84262e+14    6.76351e+07   -2.46703e+06   -1.19019e+06      0.00000e+00   -8.68445e+05   -1.21114e+07  5.09980e+07
     7      5    7.54925e+06  6.16823e+14    3.92268e+07   -8.67306e+07   -9.32123e+05      0.00000e+00   -1.07781e+07   -8.81617e+06 -6.80302e+07
     7      6    6.79159e+06  2.11963e+14    3.97755e+07   -1.88408e+08   -1.04656e+05      0.00000e+00   -1.43831e+07   -7.26148e+06 -1.70382e+08
     7      7    5.50125e+06  1.46113e+13    2.68081e+07   -3.35387e+07   -4.13118e+03      0.00000e+00   -5.06442e+06   -4.80130e+05 -1.22792e+07
     7      8    3.78280e+06  9.22376e+12    2.13868e+07   -9.21921e+06   -2.91634e+04      0.00000e+00   -5.53887e+06    3.92613e+05  6.99214e+06
     7      9    3.04982e+06  4.07872e+13    2.57149e+07   -1.15240e+06   -7.46537e+05      0.00000e+00   -3.51539e+06   -1.47777e+06  1.88228e+07
     7     10    5.04166e+06  9.42870e+13    2.11163e+07   -3.75899e+04   -1.75704e+05      0.00000e+00   -9.86328e+05   -2.45223e+06  1.74645e+07
     7     11    6.95040e+06  1.69565e+14    3.87733e+07   -4.25347e+01   -1.95342e+05      0.00000e+00    8.11698e+05   -5.01908e+06  3.43706e+07
     7     12    7.74899e+06  2.27539e+14    1.95844e+07   -4.02150e-01   -7.07299e+03      0.00000e+00    2.53128e+06   -3.43556e+06  1.86731e+07
     8      1    8.21143e+06  3.07771e+14    3.60447e+07   -2.39427e-01   -8.86026e+04      0.00000e+00    3.10659e+06   -5.07703e+06  3.39857e+07
     8      2    8.41285e+06  4.14018e+14    5.52576e+07   -8.06635e+03   -4.46298e+05      0.00000e+00    3.02964e+06   -7.74827e+06  5.00846e+07
     8      3    8.38057e+06  5.43610e+14    6.17979e+07   -1.63902e+06   -6.52058e+05      0.00000e+00    3.23226e+06   -1.18354e+07  5.09037e+07
     8      4    8.29379e+06  6.62356e+14    5.99107e+07   -4.14566e+06   -8.50044e+05      0.00000e+00    7.27037e+05   -1.14147e+07  4.42273e+07
     8      5    7.84484e+06  7.10282e+14    3.51002e+07   -5.23059e+07   -7.43962e+05      0.00000e+00   -1.13734e+07   -1.32474e+07 -4.25705e+07
     8      6    6.97138e+06  3.28662e+14    3.42215e+07   -2.28580e+08   -1.19750e+05      0.00000e+00   -1.86323e+07   -7.44370e+06 -2.20554e+08
     8      7    5.81250e+06  8.46675e+12    1.41832e+07   -2.65591e+07   -1.08425e+03      0.00000e+00   -3.21890e+06    8.09072e+05 -1.47867e+07
     8      8    4.29873e+06  4.80127e+12    2.58924e+07   -1.60766e+07   -2.46482e+04      0.00000e+00   -4.50188e+06   -3.88034e+05  4.90128e+06
     8      9    3.64737e+06  5.23889e+13    3.75332e+07   -1.53495e+06   -2.00280e+05      0.00000e+00   -3.32450e+06   -1.43173e+06  3.10418e+07
     8     10    4.91608e+06  1.36579e+14    3.48746e+07   -5.63661e+05   -3.45385e+05      0.00000e+00    4.81950e+04   -2.32869e+06  3.16850e+07
     8     11    6.91344e+06  2.39923e+14    5.70570e+07   -8.27432e+03   -5.55103e+05      0.00000e+00   -6.39937e+05   -7.21749e+06  4.86362e+07
     8     12    7.85785e+06  3.52224e+14    4.81410e+07   -1.45742e+04   -3.52641e+05      0.00000e+00    2.35601e+06   -1.02318e+07  3.98979e+07
     9      1    8.17030e+06  4.46169e+14    4.62632e+07   -8.31773e+05   -6.46652e+05      0.00000e+00    2.85621e+06   -1.52731e+07  3.23679e+07
     9      2    8.19081e+06  5.72617e+14    6.96295e+07   -1.42924e+06   -2.49115e+05      0.00000e+00    2.22836e+06   -1.18863e+07  5.82931e+07
     9      3    8.02687e+06  6.94446e+14    5.55649e+07   -5.31891e+05   -1.47464e+06      0.00000e+00    3.19055e+06   -1.96230e+07  3.71259e+07
     9      4    8.10952e+06  7.86589e+14    5.39437e+07   -1.00423e+06   -7.66920e+05      0.00000e+00   -4.36626e+04   -1.09831e+07  4.11457e+07
     9      5    7.71348e+06  8.43365e+14    3.76961e+07   -4.67205e+07   -6.13448e+05      0.00000e+00   -1.18347e+07   -8.34193e+06 -2.98145e+07
     9      6    6.90498e+06  3.90043e+14    2.24728e+07   -2.67738e+08   -2.65513e+05      0.00000e+00   -1.86381e+07   -5.63077e+06 -2.69799e+08
     9      7    5.55112e+06  2.22574e+13    2.87937e+07   -4.64049e+07   -1.06323e+03      0.00000e+00   -7.10994e+06   -4.25301e+05 -2.51475e+07
     9      8    3.65038e+06  5.55979e+12    1.45330e+07   -8.22562e+06   -8.22696e+04      0.00000e+00   -4.18170e+06   -3.84468e+05  1.65892e+06
     9      9    3.14052e+06  1.80421e+13    1.59965e+07   -6.67426e+05   -3.11779e+04      0.00000e+00   -3.36525e+06   -3.01599e+05  1.16310e+07
     9     10    5.63286e+06  8.13608e+13    3.64833e+07   -7.48909e+03   -6.52287e+05      0.00000e+00   -1.54394e+06   -3.29692e+06  3.09827e+07
     9     11    7.34389e+06  1.96879e+14    5.43609e+07   -4.81609e+04   -4.92443e+05      0.00000e+00    1.54139e+06   -8.26475e+06  4.70969e+07
     9     12    7.96391e+06  2.87287e+14    3.16816e+07   -3.96730e+04   -5.11661e+04      0.00000e+00    1.60812e+06   -4.35274e+06  2.88461e+07
    10      1    8.31876e+06  3.76078e+14    5.31787e+07   -1.22823e+05   -8.07745e+05      0.00000e+00    2.55963e+06   -9.42656e+06  4.53812e+07
    10      2    8.38372e+06  5.11788e+14    5.78713e+07   -4.29863e+05   -1.11966e+06      0.00000e+00    2.30496e+06   -1.07976e+07  4.78291e+07
    10      3    8.47665e+06  6.12070e+14    4.74836e+07   -2.63898e+05   -7.71467e+05      0.00000e+00    2.32166e+06   -1.68225e+07  3.19473e+07
    10      4    8.50325e+06  6.65651e+14    2.86455e+07   -2.40405e+06   -9.90921e+05      0.00000e+00    1.28384e+06   -1.04201e+07  1.61143e+07
    10      5    7.99748e+06  6.49076e+14    3.40393e+07   -6.99543e+07   -1.84452e+05      0.00000e+00   -1.07633e+07   -7.16254e+06 -5.40253e+07
    10      6    7.09068e+06  2.44242e+14    2.88279e+07   -2.06506e+08   -3.36311e+04      0.00000e+00   -1.73608e+07   -3.10668e+06 -1.98179e+08
    10      7    5.82066e+06  7.69798e+12    2.05594e+07   -2.68417e+07   -9.70784e+02      0.00000e+00   -4.10395e+06    8.21077e+05 -9.56616e+06
    10      8    4.42499e+06  5.58674e+12    1.97401e+07   -8.45836e+06   -3.16687e+04      0.00000e+00   -5.01326e+06    1.41757e+05  6.37857e+06
    10      9    4.07838e+06  5.01319e+13    2.71822e+07   -1.16734e+06   -1.37221e+05      0.00000e+00   -3.24772e+06   -5.98545e+05  2.20314e+07
    10     10    5.51308e+06  1.23759e+14    3.60140e+07   -1.65713e+05   -2.08880e+05      0.00000e+00   -8.85659e+05   -3.14458e+06  3.16092e+07
    10     11    7.25610e+06  1.99271e+14    3.27303e+07   -8.53988e+03   -5.31513e+04      0.00000e+00    7.09876e+05   -4.64489e+06  2.87336e+07
    10     12    8.16866e+06  2.89718e+14    4.68606e+07   -2.59726e+05   -1.63969e+05      0.00000e+00    1.60115e+06   -6.82076e+06  4.12173e+07
    11      1    8.39686e+06  3.98747e+14    4.05361e+07   -1.98382e+05   -3.66971e+05      0.00000e+00    2.83284e+06   -1.12394e+07  3.15642e+07
    11      2    8.46930e+06  4.75514e+14    4.21685e+07   -6.86558e+04   -3.36215e+05      0.00000e+00    3.41239e+06   -1.01291e+07  3.50470e+07
    11      3    8.49802e+06  5.80717e+14    5.49987e+07   -1.86727e+05   -1.03796e+06      0.00000e+00    2.91546e+06   -1.31864e+07  4.35030e+07
    11      4    8.46776e+06  6.72940e+14    4.38320e+07   -1.92162e+06   -1.03707e+06      0.00000e+00    1.10682e+06   -1.05034e+07  3.14768e+07
    11      5    8.04351e+06  6.71249e+14    4.09682e+07   -8.90274e+07   -1.19950e+05      0.00000e+00   -1.39935e+07   -7.10576e+06 -6.92784e+07
    11      6    7.19941e+06  2.53060e+14    2.58765e+07   -1.87276e+08   -1.07432e+04      0.00000e+00   -1.67590e+07   -2.17171e+06 -1.80341e+08
    11      7    5.91864e+06  1.13407e+13    1.63370e+07   -3.21317e+07   -1.77402e+03      0.00000e+00   -3.94548e+06    7.54416e+05 -1.89875e+07
    11      8    4.65698e+06  8.57545e+12    3.48715e+07   -1.95605e+07   -3.29292e+04      0.00000e+00   -5.76912e+06   -7.63409e+05  8.74546e+06
    11      9    4.34029e+06  6.65615e+13    3.79229e+07   -2.25031e+06   -4.50239e+05      0.00000e+00   -3.83876e+06   -1.72565e+06  2.96579e+07
    11     10    5.64107e+06  1.35182e+14    3.68168e+07   -7.13889e+04   -4.32163e+05      0.00000e+00   -9.40592e+04   -4.53665e+06  3.16825e+07
    11     11    7.21770e+06  2.37425e+14    3.89386e+07   -1.24143e+04   -1.73208e+05      0.00000e+00    1.75503e+06   -4.73403e+06  3.57740e+07
    11     12    8.12111e+06  3.14080e+14    3.09926e+07   -6.07958e-07   -1.90270e+05      0.00000e+00    1.80898e+06   -5.11798e+06  2.74933e+07
    12      1    8.35562e+06  4.30059e+14    5.83588e+07   -8.62311e+05   -5.82501e+05      0.00000e+00    2.97951e+06   -1.05977e+07  4.92958e+07
    12      2    8.55961e+06  5.36863e+14    4.46689e+07   -3.75074e+05   -4.21566e+05      0.00000e+00    2.48356e+06   -7.02240e+06  3.93334e+07
    12      3    8.63557e+06  6.42397e+14    5.98746e+07   -7.86302e+05   -7.18363e+05      0.00000e+00    2.59327e+06   -1.18732e+07  4.90900e+07
    12      4    8.42003e+06  7.65750e+14    4.89999e+07   -3.29597e+06   -1.11246e+06      0.00000e+00    1.13371e+06   -1.50421e+07  3.06831e+07
    12      5    7.98097e+06  7.37612e+14    3.27805e+07   -9.07167e+07   -1.58964e+06      0.00000e+00   -1.18945e+07   -1.22519e+07 -8.36723e+07
    12      6    7.02931e+06  2.47197e+14    1.85909e+07   -1.98778e+08   -4.36964e+05      0.00000e+00   -1.79804e+07   -7.42956e+06 -2.06034e+08
    12      7    5.85606e+06  1.14076e+13    2.02115e+07   -2.70536e+07   -2.42451e+04      0.00000e+00   -4.39355e+06    8.48168e+04 -1.11751e+07
    12      8    4.57784e+06  5.19142e+12    1.90052e+07   -8.35402e+06   -6.13534e+03      0.00000e+00   -5.58060e+06   -3.53247e+05  4.71122e+06
    12      9    4.07035e+06  4.82294e+13    3.53378e+07   -1.96361e+06   -2.88954e+05      0.00000e+00   -4.33106e+06   -1.85158e+06  2.69026e+07
    12     10    5.65216e+06  1.43788e+14    4.64693e+07   -2.34918e+05   -6.19701e+05      0.00000e+00   -5.54215e+05   -5.77753e+06  3.92829e+07
    12     11    7.17525e+06  2.31882e+14    4.14244e+07   -9.26183e+05   -7.09232e+05      0.00000e+00    5.43702e+05   -5.70402e+06  3.46286e+07
    12     12    7.90632e+06  3.42941e+14    5.68248e+07   -2.61639e+05   -9.17541e+05      0.00000e+00    1.05060e+06   -1.43842e+07  4.23120e+07
    13      1    8.19235e+06  4.47181e+14    4.46237e+07   -1.64360e+03   -3.51068e+05      0.00000e+00    2.53969e+06   -1.17834e+07  3.50273e+07
    13      2    8.31033e+06  5.26247e+14    4.55021e+07   -1.83184e+05   -8.29430e+05      0.00000e+00    1.89673e+06   -1.40796e+07  3.23067e+07
    13      3    8.27035e+06  6.48459e+14    6.77740e+07   -9.98809e+05   -9.14098e+05      0.00000e+00    2.67713e+06   -1.59407e+07  5.25976e+07
    13      4    8.19817e+06  7.56429e+14    4.66923e+07   -1.08427e+06   -1.14124e+06      0.00000e+00    1.26684e+06   -1.82128e+07  2.75208e+07
    13      5    7.75415e+06  7.39134e+14    2.70870e+07   -5.94541e+07   -1.91635e+06      0.00000e+00   -1.13433e+07   -1.06722e+07 -5.62989e+07
    13      6    6.90629e+06  4.06504e+14    2.09625e+07   -1.80403e+08   -9.40279e+05      0.00000e+00   -1.69384e+07   -8.42952e+06 -1.85749e+08
    13      7    5.79701e+06  4.15930e+13    2.46229e+07   -7.14813e+07   -1.45791e+04      0.00000e+00   -6.15860e+06    7.40536e+05 -5.22910e+07
    13      8    4.43059e+06  7.44338e+12    1.64281e+07   -1.05413e+07   -8.73688e+02      0.00000e+00   -5.26956e+06   -7.82139e+04  5.38227e+05
    13      9    4.01842e+06  3.88513e+13    2.88201e+07   -1.28834e+06   -6.44681e+04      0.00000e+00   -3.66573e+06   -3.34063e+05  2.34675e+07
    13     10    5.37648e+06  1.13517e+14    3.48943e+07   -6.91730e+04   -1.76974e+05      0.00000e+00   -4.11712e+05   -1.78624e+06  3.24502e+07
    13     11    7.27575e+06  2.05912e+14    4.29921e+07   -6.90956e+04   -1.88883e+05      0.00000e+00    1.92455e+05   -3.89363e+06  3.90329e+07
    13     12    7.86478e+06  3.26946e+14    5.31709e+07   -1.85304e+05   -4.96075e+05      0.00000e+00    2.20230e+06   -7.75896e+06  4.69329e+07
    14      1    8.16445e+06  4.06342e+14    2.61051e+07   -1.21481e+03   -2.10268e+05      0.00000e+00    2.06897e+06   -6.34888e+06  2.16137e+07
    14      2    8.35494e+06  4.74419e+14    4.22407e+07   -6.06973e+04   -3.14457e+05      0.00000e+00    4.39698e+06   -1.36829e+07  3.25797e+07
    14      3    8.41621e+06  5.59028e+14    4.73881e+07   -3.11855e+05   -1.55645e+06      0.00000e+00    3.71707e+06   -1.24214e+07  3.68154e+07
    14      4    8.11495e+06  6.56279e+14    5.20210e+07   -1.06786e+07   -7.48874e+05      0.00000e+00   -7.91135e+05   -1.06980e+07  2.91044e+07
    14      5    7.50814e+06  6.19601e+14    1.97373e+07   -9.85082e+07   -2.78269e+05      0.00000e+00   -1.14162e+07   -7.02601e+06 -9.74914e+07
    14      6    6.73722e+06  2.07689e+14    1.76747e+07   -1.59216e+08   -1.93476e+05      0.00000e+00   -1.51855e+07   -5.08404e+06 -1.62005e+08
    14      7    5.45836e+06  4.89772e+12    2.02529e+07   -2.33360e+07   -1.30571e+03      0.00000e+00   -3.90088e+06    2.13384e+05 -6.77190e+06
    14      8    3.91099e+06  6.86485e+12    2.81712e+07   -1.37076e+07   -4.07776e+04      0.00000e+00   -5.02503e+06   -3.02443e+05  9.09538e+06
    14      9    3.42340e+06  3.83126e+13    2.39657e+07   -1.09959e+06   -5.31416e+05      0.00000e+00   -3.62057e+06   -1.26099e+06  1.74531e+07
    14     10    5.16697e+06  9.58341e+13    2.68037e+07   -1.32703e+04   -2.03757e+05      0.00000e+00   -5.65707e+05   -1.92863e+06  2.40923e+07
    14     11    6.94262e+06  1.63398e+14    2.83326e+07   -4.97892e+01   -2.47375e+05      0.00000e+00    7.13880e+05   -5.12146e+06  2.36775e+07
    14     12    7.83398e+06  2.44036e+14    3.94443e+07   -5.92072e+04   -2.60283e+05      0.00000e+00    1.30027e+06   -7.10394e+06  3.33211e+07
    15      1    8.41535e+06  3.42573e+14    4.35696e+07   -5.50612e+05   -3.24144e+05      0.00000e+00    1.48968e+06   -1.11819e+07  3.30026e+07
    15      2    8.48401e+06  4.28971e+14    4.83077e+07   -1.06650e+06   -5.43767e+05      0.00000e+00    2.84653e+06   -9.85022e+06  3.96937e+07
    15      3    8.55512e+06  5.19251e+14    3.44345e+07   -2.41178e+05   -7.27728e+05      0.00000e+00    2.97307e+06   -8.05909e+06  2.83796e+07
    15      4    8.51940e+06  5.85564e+14    3.14640e+07   -2.65726e+06   -9.01904e+05      0.00000e+00    1.04287e+06   -9.96535e+06  1.89824e+07
    15      5    8.21420e+06  5.56107e+14    2.84137e+07   -1.00433e+08   -6.12880e+05      0.00000e+00   -8.61453e+06   -4.77325e+06 -8.60196e+07
    15      6    7.41672e+06  1.44680e+14    2.34862e+07   -1.40383e+08   -2.07284e+05      0.00000e+00   -1.68664e+07   -1.68349e+06 -1.35653e+08
    15      7    6.02842e+06  5.84969e+12    2.70069e+07   -2.56322e+07   -4.00176e+03      0.00000e+00   -4.68106e+06    1.70345e+05 -3.13999e+06
    15      8    4.25373e+06  1.09396e+13    2.95291e+07   -1.44717e+07   -7.38889e+04      0.00000e+00   -6.76125e+06   -1.83439e+05  8.03873e+06
    15      9    3.36262e+06  5.54455e+13    3.26278e+07   -3.71553e+06   -5.75153e+05      0.00000e+00   -2.38561e+06   -2.34469e+06  2.36068e+07
    15     10    5.29453e+06  1.24588e+14    3.49838e+07   -4.34295e+05   -3.65279e+05      0.00000e+00   -1.53633e+06   -2.10862e+06  3.05392e+07
    15     11    7.12963e+06  2.09066e+14    3.72651e+07   -3.74871e+05   -7.22426e+05      0.00000e+00    2.06515e+05   -7.02395e+06  2.93504e+07
    15     12    8.24217e+06  2.94781e+14    4.74150e+07   -7.49510e+04   -2.43194e+05      0.00000e+00    8.80372e+05   -9.43227e+06  3.85449e+07
    16      1    8.49849e+06  4.02220e+14    4.13080e+07   -3.60571e+04   -4.28134e+05      0.00000e+00    2.98556e+06   -8.02306e+06  3.58063e+07
    16      2    8.58106e+06  4.85424e+14    5.49738e+07   -3.57803e+03   -8.86609e+05      0.00000e+00    2.97626e+06   -1.57721e+07  4.12878e+07
    16      3    8.55908e+06  5.85206e+14    4.31015e+07   -4.40634e+05   -1.61230e+06      0.00000e+00    3.53342e+06   -1.35841e+07  3.09979e+07
    16      4    8.40871e+06  6.61588e+14    4.74920e+07   -3.55212e+06   -2.31818e+06      0.00000e+00    1.69748e+06   -1.59230e+07  2.73962e+07
    16      5    7.96711e+06  6.84777e+14    5.14669e+07   -7.23470e+07   -1.98683e+06      0.00000e+00   -1.48310e+07   -1.23531e+07 -5.00510e+07
    16      6    7.02812e+06  1.87499e+14    2.60787e+07   -2.15619e+08   -3.54847e+05      0.00000e+00   -1.17435e+07   -8.69057e+06 -2.10329e+08
    16      7    5.26783e+06  5.79971e+12    2.00189e+07   -2.08877e+07   -1.37177e+04      0.00000e+00   -3.61353e+06   -3.44083e+04 -4.53044e+06
    16      8    3.45524e+06  6.96490e+12    1.76579e+07   -9.65862e+06   -1.09689e+05      0.00000e+00   -4.71612e+06   -1.13008e+05  3.06050e+06
    16      9    2.61488e+06  3.54388e+13    2.52284e+07   -1.24956e+06   -5.83498e+05      0.00000e+00   -2.76881e+06   -3.51400e+06  1.71125e+07
    16     10    3.94863e+06  8.48062e+13    3.45088e+07   -3.92928e+04   -9.69056e+05      0.00000e+00   -2.55090e+06   -8.08609e+06  2.28635e+07
    16     11    6.27272e+06  1.74173e+14    5.33381e+07   -1.55831e+04   -1.25899e+06      0.00000e+00   -1.83355e+06   -7.28315e+06  4.29468e+07
    16     12    7.90372e+06  2.68011e+14    5.24227e+07   -5.21266e+04   -8.77017e+05      0.00000e+00    1.34037e+06   -1.58913e+07  3.69427e+07
    17      1    8.47118e+06  3.54824e+14    3.60230e+07   -1.55386e+02   -5.55441e+05      0.00000e+00    2.22383e+06   -9.22125e+06  2.84699e+07
    17      2    8.58820e+06  4.41775e+14    4.28971e+07   -2.32004e+04   -5.26194e+05      0.00000e+00    2.43764e+06   -1.20287e+07  3.27567e+07
    17      3    8.55269e+06  5.32525e+14    5.19045e+07   -5.52617e+05   -1.24469e+06      0.00000e+00    3.23291e+06   -1.74550e+07  3.58852e+07
    17      4    8.34270e+06  6.65189e+14    6.63649e+07   -3.85818e+06   -1.58460e+06      0.00000e+00    1.00126e+06   -1.57919e+07  4.61315e+07
    17      5    7.87289e+06  7.01444e+14    4.15283e+07   -3.91950e+07   -7.65738e+05      0.00000e+00   -9.45249e+06   -7.61955e+06 -1.55045e+07
    17      6    7.11730e+06  4.18994e+14    3.98569e+07   -2.18740e+08   -1.82382e+04      0.00000e+00   -2.22524e+07   -6.66413e+06 -2.07818e+08
    17      7    5.97947e+06  3.15246e+13    1.51946e+07   -5.53179e+07   -8.02474e+01      0.00000e+00   -6.15072e+06    1.43649e+06 -4.48376e+07
    17      8    4.47799e+06  6.69829e+12    1.89568e+07   -1.08997e+07   -7.58795e+04      0.00000e+00   -5.95756e+06   -2.05881e+05  1.81772e+06
    17      9    3.91550e+06  3.63318e+13    3.20715e+07   -4.07275e+05   -1.79079e+05      0.00000e+00   -2.92331e+06   -2.82439e+05  2.82794e+07
    17     10    5.46223e+06  1.21734e+14    3.85626e+07   -1.07340e+05   -1.93880e+05      0.00000e+00    4.18378e+05   -3.14329e+06  3.55365e+07
    17     11    7.45467e+06  2.43683e+14    5.13983e+07   -5.73754e+04   -4.17568e+05      0.00000e+00   -1.48753e+05   -5.98306e+06  4.47916e+07
    17     12    8.05448e+06  3.34750e+14    4.62278e+07   -1.41317e+06   -5.49398e+04      0.00000e+00    2.14648e+06   -8.18317e+06  3.87230e+07
    18      1    8.23459e+06  4.61748e+14    5.74968e+07   -7.63101e+05   -2.58985e+05      0.00000e+00    2.24899e+06   -1.36231e+07  4.51007e+07
    18      2    8.32185e+06  5.70845e+14    7.27745e+07   -2.32844e+06   -8.55346e+05      0.00000e+00    2.37629e+06   -2.11871e+07  5.07799e+07
    18      3    8.36335e+06  6.81963e+14    4.08726e+07   -7.89508e+05   -5.45456e+05      0.00000e+00    3.28460e+06   -1.09536e+07  3.18686e+07
    18      4    8.42173e+06  7.34190e+14    2.42776e+07   -2.35344e+06   -7.05072e+05      0.00000e+00    1.79238e+06   -1.12200e+07  1.17915e+07
    18      5    7.92848e+06  7.08279e+14    2.65081e+07   -5.10134e+07   -1.23337e+06      0.00000e+00   -1.29557e+07   -1.16962e+07 -5.03906e+07
    18      6    7.05696e+06  3.49457e+14    2.05362e+07   -2.08025e+08   -4.63847e+05      0.00000e+00   -1.75167e+07   -1.11839e+07 -2.16654e+08
    18      7    5.64181e+06  1.79923e+13    2.70812e+07   -4.25107e+07   -7.52199e+03      0.00000e+00   -4.76094e+06    3.79034e+05 -1.98190e+07
    18      8    3.92404e+06  7.91599e+12    2.48428e+07   -1.50951e+07   -5.74769e+04      0.00000e+00   -5.50709e+06   -1.10797e+06  3.07512e+06
    18      9    3.04471e+06  3.98744e+13    2.60481e+07   -2.78663e+06   -7.78593e+05      0.00000e+00   -3.58226e+06   -2.89063e+06  1.60100e+07
    18     10    4.91138e+06  9.83437e+13    3.87290e+07   -4.07421e+03   -2.32756e+05      0.00000e+00   -8.70519e+05   -2.61182e+06  3.50099e+07
    18     11    7.15740e+06  1.98430e+14    3.69108e+07   -4.34011e+03   -1.72723e+05      0.00000e+00    3.73058e+05   -6.28958e+06  3.08172e+07
    18     12    7.97367e+06  2.65571e+14    2.26898e+07   -7.38043e+03   -1.07144e+05      0.00000e+00    2.08218e+06   -5.00222e+06  1.96552e+07
    19      1    8.47176e+06  3.13390e+14    3.08769e+07   -8.82953e+04   -4.28723e+05      0.00000e+00    2.26798e+06   -7.30775e+06  2.53201e+07
    19      2    8.44965e+06  3.89343e+14    4.60233e+07   -1.47118e+06   -3.65064e+05      0.00000e+00    3.07270e+06   -9.78062e+06  3.74791e+07
    19      3    8.39970e+06  5.08742e+14    4.50033e+07   -5.79448e+05   -1.04663e+05      0.00000e+00    2.19358e+06   -6.50751e+06  4.00053e+07
    19      4    8.53212e+06  5.97424e+14    4.29297e+07   -2.86652e+06   -4.86774e+05      0.00000e+00    1.17711e+06   -7.78791e+06  3.29656e+07
    19      5    8.17951e+06  6.24429e+14    3.39686e+07   -3.47200e+07   -9.20652e+05      0.00000e+00   -1.08951e+07   -4.56622e+06 -1.71334e+07
    19      6    7.54538e+06  3.44748e+14    3.94344e+07   -2.31465e+08   -9.88124e+04      0.00000e+00   -1.92167e+07   -8.78022e+06 -2.20126e+08
    19      7    6.53456e+06  1.00085e+13    2.69899e+07   -3.24389e+07   -4.85911e+01      0.00000e+00   -4.95970e+06    9.75072e+05 -9.43368e+06
    19      8    5.00482e+06  9.31398e+12    3.00555e+07   -1.53368e+07   -2.93156e+03      0.00000e+00   -6.94062e+06    4.29511e+05  8.20457e+06
    19      9    4.48710e+06  6.21515e+13    3.95884e+07   -1.53778e+06   -8.80055e+04      0.00000e+00   -5.15047e+06   -8.46081e+05  3.19660e+07
    19     10    6.35399e+06  1.60954e+14    4.06572e+07   -2.01453e+05   -5.78312e+05      0.00000e+00    4.94983e+05   -5.34819e+06  3.50242e+07
    19     11    7.67396e+06  2.44957e+14    3.92932e+07   -1.07770e+05   -2.09537e+05      0.00000e+00    2.22485e+06   -7.93786e+06  3.32629e+07
    19     12    8.30044e+06  3.25092e+14    3.31101e+07   -1.72863e+03   -6.02726e+04      0.00000e+00    2.24631e+06   -4.06399e+06  3.12304e+07
    20      1    8.57103e+06  4.39678e+14    6.24601e+07   -1.41675e+05   -5.08421e+05      0.00000e+00    3.24253e+06   -7.94223e+06  5.71103e+07
    20      2    8.45044e+06  5.85793e+14    6.67227e+07   -6.34703e+05   -1.15309e+06      0.00000e+00    3.36985e+06   -1.47534e+07  5.35513e+07
    20      3    8.40148e+06  6.99045e+14    5.10601e+07   -4.91057e+05   -1.55459e+06      0.00000e+00    2.50060e+06   -1.44259e+07  3.70892e+07
    20      4    8.43719e+06  7.79035e+14    3.77338e+07   -3.54325e+06   -9.30516e+05      0.00000e+00    6.64576e+05   -9.30759e+06  2.46170e+07
    20      5    8.02086e+06  8.13706e+14    4.18197e+07   -4.78804e+07   -6.83983e+05      0.00000e+00   -1.07254e+07   -7.98238e+06 -2.54524e+07
    20      6    7.38109e+06  3.88290e+14    3.72556e+07   -2.79630e+08   -3.95376e+05      0.00000e+00   -2.11978e+07   -7.90055e+06 -2.71868e+08
    20      7    6.41054e+06  1.56689e+13    3.96579e+07   -4.89542e+07   -2.91795e+04      0.00000e+00   -7.72153e+06    4.85008e+05 -1.65621e+07
    20      8    4.81210e+06  6.50910e+12    2.71243e+07   -1.94455e+07   -1.52507e+04      0.00000e+00   -5.93448e+06   -3.15674e+05  1.41342e+06
    20      9    3.96779e+06  2.94742e+13    2.44804e+07   -1.31830e+06   -1.08822e+05      0.00000e+00   -4.10841e+06   -3.52950e+05  1.85919e+07
    20     10    6.00247e+06  1.04425e+14    4.31535e+07   -1.68083e+05   -6.07617e+05      0.00000e+00   -6.49056e+05   -4.42695e+06  3.73018e+07
    20     11    7.49333e+06  2.00866e+14    4.44237e+07   -6.00303e+03   -7.50931e+05      0.00000e+00    1.48816e+06   -8.55670e+06  3.65982e+07
    20     12    7.92296e+06  2.99039e+14    4.63610e+07   -3.66258e+05   -7.12478e+05      0.00000e+00    2.41461e+06   -9.54464e+06  3.81523e+07
    21      1    8.07456e+06  3.95012e+14    4.63347e+07   -7.48404e+04   -4.45432e+05      0.00000e+00    1.39924e+06   -1.54176e+07  3.17961e+07
    21      2    8.29932e+06  4.97475e+14    5.43576e+07   -4.63456e+04   -7.58152e+05      0.00000e+00    2.95635e+06   -1.72355e+07  3.92740e+07
    21      3    8.34697e+06  5.82353e+14    4.04789e+07   -4.55580e+04   -4.74061e+05      0.00000e+00    2.54774e+06   -1.17556e+07  3.07514e+07
    21      4    8.36481e+06  6.40381e+14    2.34914e+07   -9.73970e+05   -5.83299e+05      0.00000e+00    6.55642e+05   -7.80860e+06  1.47811e+07
    21      5    7.86444e+06  6.09224e+14    2.55894e+07   -3.99364e+07   -7.25303e+05      0.00000e+00   -1.28517e+07   -1.08103e+07 -3.87344e+07
    21      6    7.00163e+06  3.43056e+14    3.19988e+07   -1.88433e+08   -2.53012e+05      0.00000e+00   -1.93561e+07   -1.23211e+07 -1.88365e+08
    21      7    5.80411e+06  2.69832e+13    2.65403e+07   -4.28373e+07   -7.48689e+03      0.00000e+00   -7.55606e+06    4.07332e+05 -2.34532e+07
    21      8    4.63696e+06  1.68312e+13    2.73903e+07   -1.23830e+07   -4.01552e+02      0.00000e+00   -6.86959e+06    9.02979e+03  8.14626e+06
    21      9    4.21093e+06  5.14452e+13    2.74956e+07   -3.71619e+06   -5.82230e+04      0.00000e+00   -4.51341e+06   -5.89609e+05  1.86182e+07
    21     10    5.45408e+06  1.26231e+14    3.66541e+07   -1.69779e+05   -5.68218e+04      0.00000e+00    3.34293e+05   -2.46991e+06  3.42919e+07
    21     11    7.27085e+06  2.09151e+14    4.27608e+07   -6.68813e+03   -2.39567e+05      0.00000e+00    6.40717e+05   -8.20653e+06  3.49488e+07
    21     12    7.88432e+06  3.14514e+14    4.81850e+07   -2.95963e+04   -3.50265e+05      0.00000e+00    2.87252e+06   -1.04650e+07  4.02127e+07
    22      1    8.34738e+06  4.32537e+14    4.93357e+07   -1.73499e+04   -6.96423e+05      0.00000e+00    2.67384e+06   -1.22742e+07  3.90216e+07
    22      2    8.34298e+06  5.44861e+14    6.80083e+07   -8.17290e+05   -1.07079e+06      0.00000e+00    3.51917e+06   -1.29849e+07  5.66545e+07
    22      3    8.25892e+06  6.56791e+14    5.43784e+07   -6.13774e+05   -1.04665e+06      0.00000e+00    2.76413e+06   -1.72128e+07  3.82693e+07
    22      4    8.00913e+06  7.56349e+14    5.18962e+07   -6.92165e+06   -1.04970e+06      0.00000e+00    1.12475e+05   -1.60546e+07  2.79827e+07
    22      5    7.43415e+06  7.73977e+14    2.08825e+07   -2.92697e+07   -1.08860e+06      0.00000e+00   -8.20164e+06   -7.80148e+06 -2.54789e+07
    22      6    6.74468e+06  3.86621e+14    2.23446e+07   -2.54924e+08   -8.82755e+05      0.00000e+00   -1.61168e+07   -9.18478e+06 -2.58764e+08
    22      7    5.65674e+06  1.87305e+13    2.93559e+07   -4.09901e+07   -5.10195e+04      0.00000e+00   -6.73140e+06    1.21088e+06 -1.72057e+07
    22      8    4.35603e+06  9.69625e+12    2.42189e+07   -1.64636e+07   -1.66118e+05      0.00000e+00   -5.85491e+06   -1.89560e+05  1.54473e+06
    22      9    3.75952e+06  4.59075e+13    3.98816e+07   -2.25280e+06   -6.12005e+05      0.00000e+00   -4.38016e+06   -2.60140e+06  3.00352e+07
    22     10    5.68329e+06  1.50187e+14    4.57499e+07   -1.45534e+05   -8.45377e+05      0.00000e+00   -9.00266e+04   -5.61641e+06  3.90526e+07
    22     11    7.09950e+06  2.38312e+14    4.20360e+07   -7.58223e+04   -1.37188e+05      0.00000e+00    1.04752e+06   -4.58282e+06  3.82877e+07
    22     12    7.79984e+06  3.45526e+14    4.67687e+07   -2.70153e+05   -3.70064e+05      0.00000e+00    2.24222e+06   -8.73250e+06  3.96382e+07
    23      1    8.20646e+06  4.18008e+14    2.05076e+07   -6.26620e-07   -2.45065e+05      0.00000e+00    2.00149e+06   -9.46413e+06  1.27999e+07
    23      2    8.47324e+06  4.81280e+14    5.14867e+07   -3.52950e+04   -7.73405e+05      0.00000e+00    2.34615e+06   -9.90673e+06  4.31175e+07
    23      3    8.49934e+06  5.95319e+14    5.27412e+07   -6.01932e+05   -9.68810e+05      0.00000e+00    4.14007e+06   -1.20928e+07  4.32177e+07
    23      4    8.38124e+06  6.92152e+14    4.93283e+07   -3.79058e+06   -1.01793e+06      0.00000e+00    1.48309e+06   -1.43763e+07  3.16265e+07
    23      5    7.90297e+06  6.66456e+14    3.18132e+07   -1.10528e+08   -4.87123e+05      0.00000e+00   -1.20543e+07   -7.28112e+06 -9.85370e+07
    23      6    7.04246e+06  1.52253e+14    2.47852e+07   -1.83944e+08   -1.40590e+04      0.00000e+00   -1.30862e+07   -2.55582e+05 -1.72515e+08
    23      7    5.54176e+06  4.93766e+12    2.80707e+07   -2.91455e+07   -6.30628e+02      0.00000e+00   -4.29202e+06    3.40761e+05 -5.02661e+06
    23      8    3.15219e+06  7.50285e+12    2.16669e+07   -7.64958e+06   -1.07458e+05      0.00000e+00   -4.79761e+06   -3.92286e+05  8.72001e+06
    23      9    2.61720e+06  4.42085e+13    2.50801e+07   -1.05428e+06   -1.20080e+06      0.00000e+00   -2.56799e+06   -2.82495e+06  1.74321e+07
    23     10    5.22430e+06  1.04835e+14    3.40862e+07   -1.39373e+04   -9.59808e+05      0.00000e+00   -1.42851e+06   -2.78592e+06  2.88980e+07
    23     11    6.84984e+06  1.98035e+14    4.29730e+07   -3.06157e+04   -2.49507e+05      0.00000e+00    1.15216e+06   -5.68694e+06  3.81581e+07
    23     12    7.84864e+06  2.84591e+14    4.03702e+07   -1.14960e+05   -1.85947e+05      0.00000e+00    1.43128e+06   -5.45005e+06  3.60506e+07
    24      1    8.23225e+06  4.14833e+14    5.42238e+07   -4.87096e+05   -2.44852e+05      0.00000e+00    2.37694e+06   -8.40866e+06  4.74601e+07
    24      2    8.37272e+06  5.25537e+14    5.78610e+07   -1.54179e+05   -1.86538e+05      0.00000e+00    2.30789e+06   -1.04258e+07  4.94024e+07
    24      3    8.55772e+06  6.35897e+14    4.19398e+07   -6.87369e+04   -6.55210e+05      0.00000e+00    2.61122e+06   -8.25962e+06  3.55675e+07
    24      4    8.57181e+06  7.12385e+14    3.39750e+07   -5.39570e+06   -7.17563e+05      0.00000e+00   -3.27843e+04   -7.56185e+06  2.02671e+07
    24      5    8.15339e+06  7.22877e+14    3.31925e+07   -5.24491e+07   -5.16201e+05      0.00000e+00   -1.13774e+07   -6.35072e+06 -3.75009e+07
    24      6    7.54075e+06  3.56700e+14    3.74436e+07   -2.26512e+08   -4.71120e+05      0.00000e+00   -2.38414e+07   -3.82438e+06 -2.17205e+08
    24      7    6.21402e+06  2.15309e+13    2.69230e+07   -4.59579e+07   -8.07171e+03      0.00000e+00   -7.56757e+06    1.39509e+06 -2.52154e+07
    24      8    4.22697e+06  9.03674e+12    2.00748e+07   -8.56591e+06   -1.11916e+05      0.00000e+00   -5.86718e+06   -2.19720e+05  5.31004e+06
    24      9    3.69828e+06  4.63332e+13    3.40767e+07   -1.33830e+06   -5.82479e+05      0.00000e+00   -4.35664e+06   -9.87991e+05  2.68113e+07
    24     10    5.64615e+06  1.32315e+14    3.63989e+07   -1.92925e+05   -3.70314e+05      0.00000e+00   -4.32344e+05   -4.67295e+06  3.07304e+07
    24     11    7.61992e+06  2.18612e+14    5.45880e+07   -3.65684e+04   -4.63179e+05      0.00000e+00    7.32621e+05   -8.88681e+06  4.59341e+07
    24     12    8.21480e+06  3.36394e+14    4.93140e+07   -1.51418e+05   -1.57031e+06      0.00000e+00    2.62159e+06   -1.46674e+07  3.55464e+07
    25      1    8.49760e+06  4.44202e+14    5.66257e+07   -3.52909e+05   -1.49508e+06      0.00000e+00    2.71793e+06   -1.37443e+07  4.37514e+07
    25      2    8.46597e+06  5.36334e+14    5.34124e+07   -5.98248e+05   -2.09817e+06      0.00000e+00    2.41389e+06   -2.11531e+07  3.19768e+07
    25      3    8.40661e+06  6.33045e+14    5.82661e+07   -1.14648e+06   -2.21794e+06      0.00000e+00    2.14203e+06   -1.75768e+07  3.94669e+07
    25      4    8.44925e+06  7.15342e+14    3.79274e+07   -3.39429e+06   -2.68823e+05      0.00000e+00    7.56815e+05   -5.01590e+06  3.00052e+07
    25      5    7.96072e+06  7.15208e+14    4.09106e+07   -1.05228e+08   -1.31540e+05      0.00000e+00   -1.08237e+07   -8.03395e+06 -8.33063e+07
    25      6    7.10153e+06  2.21403e+14    4.35543e+07   -2.09976e+08   -7.05118e+04      0.00000e+00   -1.68651e+07   -7.32569e+06 -1.90683e+08
    25      7    5.22393e+06  1.35789e+13    2.92735e+07   -3.69242e+07   -1.66747e+04      0.00000e+00   -4.89155e+06   -4.10115e+05 -1.29690e+07
    25      8    2.73007e+06  1.41024e+13    2.32953e+07   -1.16290e+07   -2.64281e+05      0.00000e+00   -5.18106e+06   -9.84059e+04  6.12259e+06
    25      9    2.29756e+06  2.50328e+13    1.16555e+07   -1.09901e+06   -3.94666e+05      0.00000e+00   -2.63494e+06   -8.99125e+05  6.62772e+06
    25     10    4.52396e+06  7.86414e+13    4.29726e+07   -8.38324e+04   -7.39504e+05      0.00000e+00   -1.69994e+06   -3.13473e+06  3.73145e+07
    25     11    6.89643e+06  1.70895e+14    3.32882e+07   -6.98417e+02   -1.75665e+05      0.00000e+00    3.06678e+05   -4.03229e+06  2.93862e+07
    25     12    7.86515e+06  2.59527e+14    3.49403e+07   -9.12648e-02   -8.86740e+04      0.00000e+00    1.50547e+06   -8.18214e+06  2.81749e+07
    26      1    8.23064e+06  3.70723e+14    6.72460e+07   -8.02124e+04   -6.94694e+05      0.00000e+00    2.34886e+06   -1.33296e+07  5.54903e+07
    26      2    8.46032e+06  4.84279e+14    5.17807e+07   -9.57614e+04   -1.57418e+06      0.00000e+00    2.67078e+06   -1.25596e+07  4.02219e+07
    26      3    8.38441e+06  5.98974e+14    6.42067e+07   -6.62417e+05   -2.85285e+06      0.00000e+00    3.11803e+06   -1.80634e+07  4.57461e+07
    26      4    8.21906e+06  7.00352e+14    6.01023e+07   -2.37597e+06   -2.57138e+06      0.00000e+00    5.72780e+05   -2.30276e+07  3.27002e+07
    26      5    7.54537e+06  6.37591e+14    4.87296e+07   -1.32795e+08   -7.50002e+05      0.00000e+00   -1.28685e+07   -1.39075e+07 -1.11591e+08
    26      6    6.59576e+06  1.69748e+14    3.13584e+07   -1.84053e+08   -2.78757e+04      0.00000e+00   -1.11532e+07   -4.27673e+06 -1.68152e+08
    26      7    4.86060e+06  5.23508e+12    1.25171e+07   -1.72160e+07   -5.90119e+02      0.00000e+00   -2.79156e+06    3.10574e+05 -7.18043e+06
    26      8    2.92226e+06  4.36089e+12    1.34910e+07   -6.43759e+06   -1.11132e+04      0.00000e+00   -3.64561e+06    2.04931e+04  3.41722e+06
    26      9    2.22023e+06  2.21963e+13    2.10381e+07   -1.05705e+06   -3.95554e+05      0.00000e+00   -3.42361e+06   -1.45475e+06  1.47071e+07
    26     10    4.12664e+06  8.43441e+13    3.66250e+07   -2.40629e+04   -5.07779e+05      0.00000e+00   -9.90305e+05   -2.59257e+06  3.25103e+07
    26     11    6.94467e+06  1.70690e+14    2.85637e+07   -9.45401e-02   -1.22551e+05      0.00000e+00   -3.08160e+05   -4.19406e+06  2.39390e+07
    26     12    7.90553e+06  2.36000e+14    4.25458e+07   -6.02795e+03   -3.76770e+05      0.00000e+00    1.53841e+06   -8.42869e+06  3.52728e+07
    27      1    8.25858e+06  3.43155e+14    4.45109e+07   -3.33894e+03   -5.55421e+05      0.00000e+00    2.11818e+06   -8.82357e+06  3.72468e+07
    27      2    8.41777e+06  4.43141e+14    5.73089e+07   -1.31506e+04   -1.29789e+06      0.00000e+00    3.26931e+06   -1.51447e+07  4.41225e+07
    27      3    8.50061e+06  5.44981e+14    4.99770e+07   -2.24148e+05   -2.26414e+06      0.00000e+00    2.64057e+06   -1.61622e+07  3.39671e+07
    27      4    8.42142e+06  6.25645e+14    4.58856e+07   -6.14167e+06   -2.04438e+06      0.00000e+00    1.59960e+06   -1.81506e+07  2.11486e+07
    27      5    7.87187e+06  6.26288e+14    3.07283e+07   -4.41182e+07   -8.53794e+05      0.00000e+00   -1.40390e+07   -4.92160e+06 -3.32043e+07
    27      6    7.07773e+06  2.27960e+14    1.79956e+07   -2.03287e+08   -1.19507e+05      0.00000e+00   -1.63225e+07   -5.36781e+06 -2.07102e+08
    27      7    5.35780e+06  7.31248e+12    1.87540e+07   -2.31729e+07   -1.85539e+03      0.00000e+00   -3.79080e+06    5.08613e+04 -8.16073e+06
    27      8    2.81117e+06  7.11194e+12    1.65229e+07   -7.81692e+06   -5.49176e+04      0.00000e+00   -4.94531e+06   -4.19316e+05  3.28639e+06
    27      9    1.84016e+06  2.13753e+13    1.31533e+07   -7.03282e+05   -2.61067e+05      0.00000e+00   -2.09516e+06   -8.13387e+05  9.28036e+06
    27     10    3.89987e+06  6.13907e+13    2.26625e+07   -1.02385e+05   -1.73663e+05      0.00000e+00   -1.87167e+06   -1.18576e+06  1.93290e+07
    27     11    7.11551e+06  1.24340e+14    3.13342e+07   -5.52376e+03   -7.02244e+04      0.00000e+00   -1.96852e+06   -3.01588e+06  2.62740e+07
    27     12    7.90279e+06  2.21115e+14    5.14868e+07   -1.54957e+05   -4.51474e+05      0.00000e+00    1.80295e+06   -7.68342e+06  4.49999e+07
    28      1    8.36332e+06  3.17476e+14    4.34122e+07   -2.35697e+05   -5.68019e+05      0.00000e+00    2.19394e+06   -1.00441e+07  3.47583e+07
    28      2    8.51641e+06  3.87054e+14    2.64865e+07   -6.39960e-07   -6.53432e+05      0.00000e+00    3.42080e+06   -7.03451e+06  2.22194e+07
    28      3    8.35336e+06  4.78076e+14    5.71031e+07   -2.23519e+06   -1.29144e+06      0.00000e+00    3.09793e+06   -1.31491e+07  4.35253e+07
    28      4    8.22313e+06  5.75967e+14    3.62514e+07   -1.71496e+06   -5.15047e+05      0.00000e+00    1.40277e+06   -1.03329e+07  2.50912e+07
    28      5    7.83320e+06  5.72134e+14    3.03437e+07   -4.28018e+07   -5.81906e+05      0.00000e+00   -1.28201e+07   -1.00935e+07 -3.59536e+07
    28      6    6.96533e+06  2.15381e+14    2.58370e+07   -1.92724e+08   -4.65926e+05      0.00000e+00   -1.25792e+07   -1.05210e+07 -1.90453e+08
    28      7    5.54824e+06  8.06936e+12    2.03890e+07   -2.32880e+07   -4.66367e+02      0.00000e+00   -4.75131e+06   -6.64704e+04 -7.71725e+06
    28      8    3.51135e+06  7.46283e+12    1.81754e+07   -6.01475e+06   -3.66572e+04      0.00000e+00   -5.13760e+06   -1.50133e+05  6.83630e+06
    28      9    2.75091e+06  4.31705e+13    2.24460e+07   -1.47339e+06   -6.07922e+05      0.00000e+00   -3.35003e+06   -1.51772e+06  1.54969e+07
    28     10    4.83259e+06  8.81426e+13    3.19893e+07   -1.34916e+04   -1.31909e+06      0.00000e+00   -2.78355e+06   -4.85190e+06  2.30213e+07
    28     11    6.95830e+06  1.68068e+14    4.14813e+07   -5.73828e+02   -4.88244e+05      0.00000e+00    2.33839e+05   -7.25215e+06  3.39741e+07
    28     12    7.88677e+06  2.41318e+14    2.92398e+07   -9.26154e+02   -1.79961e+05      0.00000e+00    2.25732e+06   -9.01936e+06  2.22969e+07
    29      1    8.36179e+06  3.30596e+14    5.04419e+07   -2.49398e+04   -3.93187e+05      0.00000e+00    2.00057e+06   -8.16812e+06  4.38563e+07
    29      2    8.32528e+06  4.37783e+14    4.36566e+07   -3.18474e+04   -5.66786e+05      0.00000e+00    2.54644e+06   -9.74618e+06  3.58582e+07
    29      3    8.29494e+06  5.31083e+14    4.53948e+07   -2.41376e+05   -7.63703e+05      0.00000e+00    2.92048e+06   -1.35769e+07  3.37332e+07
    29      4    8.13954e+06  5.91337e+14    4.12084e+07   -3.08901e+06   -1.72841e+06      0.00000e+00    3.60751e+05   -1.48422e+07  2.19095e+07
    29      5    7.72936e+06  5.98059e+14    2.37344e+07   -4.35454e+07   -1.37276e+06      0.00000e+00   -1.20471e+07   -6.53414e+06 -3.97651e+07
    29      6    6.95480e+06  1.91894e+14    3.58133e+07   -2.03467e+08   -3.18273e+05      0.00000e+00   -1.75454e+07   -8.59247e+06 -1.94110e+08
    29      7    5.67612e+06  7.62507e+12    2.19488e+07   -2.15517e+07   -4.02970e+03      0.00000e+00   -5.15209e+06   -4.05845e+05 -5.16481e+06
    29      8    3.40907e+06  1.12882e+13    2.63434e+07   -1.34466e+07   -2.98019e+05      0.00000e+00   -6.66578e+06   -3.78054e+05  5.55496e+06
    29      9    2.30676e+06  2.96955e+13    1.58131e+07   -2.29595e+05   -7.85419e+05      0.00000e+00   -2.46053e+06   -1.40818e+06  1.09293e+07
    29     10    5.08065e+06  8.61037e+13    3.60748e+07   -1.51187e+04   -6.31378e+05      0.00000e+00   -9.16000e+05   -3.97137e+06  3.05410e+07
    29     11    6.97455e+06  1.69031e+14    3.52868e+07   -3.29508e+03   -7.74581e+05      0.00000e+00   -3.92277e+05   -6.01754e+06  2.80991e+07
    29     12    7.87624e+06  2.38561e+14    3.49921e+07   -6.45236e+01   -1.82575e+05      0.00000e+00    4.20923e+05   -5.42039e+06  2.98100e+07
    30      1    8.30778e+06  3.09135e+14    2.63887e+07   -5.77319e-07   -8.48157e+04      0.00000e+00    2.17136e+06   -5.03685e+06  2.34384e+07
    30      2    8.50419e+06  3.82012e+14    4.28513e+07   -1.54478e+05   -3.83213e+05      0.00000e+00    2.72070e+06   -6.78283e+06  3.82515e+07
    30      3    8.52137e+06  4.86374e+14    5.11877e+07   -1.27643e+05   -1.17116e+06      0.00000e+00    3.59066e+06   -1.03927e+07  4.30869e+07
    30      4    8.48662e+06  6.05799e+14    4.27802e+07   -1.17582e+06   -8.26380e+05      0.00000e+00    1.01796e+06   -9.66461e+06  3.21313e+07
    30      5    8.10881e+06  6.20434e+14    2.87742e+07   -3.49379e+07   -9.42193e+05      0.00000e+00   -9.72914e+06   -6.40552e+06 -2.32405e+07
    30      6    7.26515e+06  1.99851e+14    3.61606e+07   -2.32287e+08   -6.56826e+04      0.00000e+00   -1.43519e+07   -7.98240e+06 -2.18526e+08
    30      7    5.97756e+06  5.05894e+12    2.99349e+07   -2.74998e+07   -2.26197e+04      0.00000e+00   -5.19005e+06   -3.13436e+05 -3.09101e+06
    30      8    3.84518e+06  5.72553e+12    2.22330e+07   -1.27384e+07   -7.21574e+04      0.00000e+00   -6.28499e+06   -9.12058e+05  2.22540e+06
    30      9    2.99487e+06  3.42462e+13    2.94493e+07   -6.68231e+05   -8.34957e+05      0.00000e+00   -4.23375e+06   -1.84286e+06  2.18695e+07
    30     10    5.62332e+06  1.20095e+14    4.38125e+07   -2.31860e+05   -1.22438e+06      0.00000e+00   -6.23926e+05   -4.73776e+06  3.69945e+07
    30     11    7.34681e+06  2.22617e+14    4.94686e+07   -4.80503e+03   -4.78300e+05      0.00000e+00    3.96291e+04   -7.73902e+06  4.12861e+07
    30     12    8.25676e+06  3.10106e+14    3.46374e+07   -2.36077e+03   -2.70936e+05      0.00000e+00    1.54654e+06   -8.64120e+06  2.72695e+07
    31      1    8.47250e+06  3.77953e+14    3.86608e+07   -8.31683e+04   -3.43748e+05      0.00000e+00    3.10121e+06   -1.02653e+07  3.10697e+07
    31      2    8.50911e+06  4.58784e+14    3.59184e+07   -2.14792e+05   -9.41547e+05      0.00000e+00    2.54483e+06   -1.31352e+07  2.41717e+07
    31      3    8.46676e+06  5.40683e+14    6.69718e+07   -4.81825e+06   -1.90220e+06      0.00000e+00    2.28271e+06   -1.52006e+07  4.73335e+07
    31      4    8.22295e+06  6.61328e+14    5.36517e+07   -2.28360e+06   -1.19827e+06      0.00000e+00   -9.19937e+04   -1.41855e+07  3.58923e+07
    31      5    7.92637e+06  6.99436e+14    2.31455e+07   -3.12136e+07   -7.63657e+05      0.00000e+00   -7.23086e+06   -7.18101e+06 -2.32436e+07
    31      6    7.26296e+06  3.25636e+14    3.14654e+07   -2.28433e+08   -5.54601e+05      0.00000e+00   -1.72984e+07   -8.20874e+06 -2.23029e+08
    31      7    6.22552e+06  1.90293e+13    3.23585e+07   -4.90286e+07   -8.96346e+02      0.00000e+00   -6.38913e+06    1.13125e+06 -2.19289e+07
    31      8    4.04061e+06  1.17358e+13    3.00642e+07   -1.71629e+07   -6.11743e+04      0.00000e+00   -6.05921e+06   -5.05486e+05  6.27544e+06
    31      9    3.03985e+06  4.67950e+13    3.04108e+07   -1.57418e+06   -4.79587e+05      0.00000e+00   -3.04345e+06   -2.49661e+06  2.28170e+07
    31     10    5.22332e+06  1.08700e+14    3.62338e+07   -7.30157e+04   -4.89884e+05      0.00000e+00   -3.05130e+06   -5.93303e+06  2.66865e+07
    31     11    7.43002e+06  1.97986e+14    4.15323e+07   -4.52977e+03   -1.71008e+05      0.00000e+00    2.11128e+05   -7.13476e+06  3.44331e+07
    31     12    7.97940e+06  2.95138e+14    4.81559e+07   -1.01978e+05   -8.94148e+05      0.00000e+00    1.13480e+06   -1.33515e+07  3.49431e+07
    32      1    8.22398e+06  3.67114e+14    3.08936e+07   -1.86806e+02   -4.88983e+05      0.00000e+00    2.15469e+06   -8.77112e+06  2.37880e+07
    32      2    8.35886e+06  4.28373e+14    2.70993e+07   -4.32304e+04   -4.40190e+05      0.00000e+00    2.43914e+06   -1.18999e+07  1.71551e+07
    32      3    8.42513e+06  5.10879e+14    5.91020e+07   -3.32388e+05   -1.43606e+06      0.00000e+00    2.51404e+06   -1.27297e+07  4.71178e+07
    32      4    8.27333e+06  6.38531e+14    6.79108e+07   -3.15984e+06   -1.38384e+06      0.00000e+00    1.66629e+06   -1.76593e+07  4.73741e+07
    32      5    7.71599e+06  6.47117e+14    2.60597e+07   -5.97055e+07   -6.71973e+05      0.00000e+00   -1.19598e+07   -6.69621e+06 -5.29737e+07
    32      6    6.91905e+06  2.43723e+14    1.78966e+07   -2.00322e+08   -1.10608e+05      0.00000e+00   -1.70160e+07   -5.42449e+06 -2.04977e+08
    32      7    5.59858e+06  8.01032e+12    2.34339e+07   -2.46471e+07   -3.34123e+03      0.00000e+00   -5.17915e+06    2.25103e+05 -6.17055e+06
    32      8    3.82625e+06  1.56232e+13    3.11430e+07   -1.23562e+07   -1.76448e+05      0.00000e+00   -6.86344e+06    1.47922e+05  1.18949e+07
    32      9    3.43706e+06  5.33827e+13    2.40887e+07   -4.76049e+05   -3.73403e+05      0.00000e+00   -2.44932e+06   -9.63525e+05  1.98264e+07
    32     10    5.71963e+06  1.30491e+14    5.02559e+07   -3.75536e+05   -9.90993e+05      0.00000e+00   -1.46056e+06   -6.45643e+06  4.09724e+07
    32     11    7.62638e+06  2.58106e+14    5.57062e+07   -1.10318e+06   -1.94926e+06      0.00000e+00    5.61672e+05   -1.23624e+07  4.08531e+07
    32     12    8.20970e+06  3.60886e+14    5.43336e+07   -1.04559e+04   -5.08095e+05      0.00000e+00    2.18359e+06   -1.01862e+07  4.58125e+07
    33      1    8.42073e+06  4.73739e+14    4.40269e+07   -6.71593e+03   -6.70974e+05      0.00000e+00    2.67734e+06   -1.17982e+07  3.42283e+07
    33      2    8.53244e+06  5.70542e+14    5.57273e+07   -2.78424e+04   -1.18575e+06      0.00000e+00    3.10118e+06   -1.17533e+07  4.58616e+07
    33      3    8.56534e+06  6.71815e+14    6.28819e+07   -7.57599e+05   -2.25699e+06      0.00000e+00    2.03385e+06   -1.88056e+07  4.30955e+07
    33      4    8.37331e+06  7.88919e+14    5.63031e+07   -4.34502e+06   -1.84872e+06      0.00000e+00    1.16367e+06   -1.69922e+07  3.42809e+07
    33      5    7.88348e+06  7.88855e+14    3.56310e+07   -8.37869e+07   -6.73488e+05      0.00000e+00   -1.44800e+07   -1.26532e+07 -7.59626e+07
    33      6    6.96558e+06  2.95008e+14    2.32002e+07   -2.26839e+08   -2.87153e+05      0.00000e+00   -1.57955e+07   -4.94931e+06 -2.24671e+08
    33      7    5.70547e+06  1.42271e+13    6.18195e+06   -1.86677e+07   -3.74922e+01      0.00000e+00   -2.29493e+06    3.89395e+05 -1.43913e+07
    33      8    3.97073e+06  1.40156e+13    3.45828e+07   -1.63859e+07   -6.59407e+04      0.00000e+00   -6.83170e+06   -8.19130e+04  1.12174e+07
    33      9    3.20183e+06  4.46404e+13    1.61306e+07   -8.89259e+05   -4.69173e+05      0.00000e+00   -3.47304e+06   -1.09706e+06  1.02021e+07
    33     10    4.77935e+06  8.78320e+13    2.31224e+07   -6.55456e+03   -6.35633e+04      0.00000e+00   -4.95576e+05   -1.99476e+06  2.05620e+07
    33     11    7.14929e+06  1.55751e+14    3.87107e+07   -2.79799e+03   -2.45668e+05      0.00000e+00    3.27083e+04   -4.19819e+06  3.42967e+07
    33     12    8.06864e+06  2.45935e+14    4.47902e+07   -2.91767e+04   -9.94859e+05      0.00000e+00    2.72559e+06   -8.74183e+06  3.77499e+07
    34      1    8.30006e+06  3.44540e+14    4.94593e+07   -3.95944e+04   -7.52179e+05      0.00000e+00    2.92883e+06   -1.10374e+07  4.05589e+07
    34      2    8.45287e+06  4.61842e+14    4.42627e+07   -2.28782e+05   -9.28988e+05      0.00000e+00    3.16220e+06   -1.11525e+07  3.51147e+07
    34      3    8.39950e+06  5.79226e+14    7.54828e+07   -1.26150e+06   -3.54335e+06      0.00000e+00    3.22571e+06   -1.98478e+07  5.40559e+07
    34      4    8.23175e+06  6.95993e+14    7.00573e+07   -8.76376e+06   -1.79107e+06      0.00000e+00    2.77414e+05   -1.88889e+07  4.08910e+07
    34      5    7.63067e+06  7.19069e+14    5.80702e+07   -8.74471e+07   -7.43816e+05      0.00000e+00   -1.47065e+07   -8.03000e+06 -5.28572e+07
    34      6    6.77939e+06  1.84971e+14    3.05814e+07   -2.43911e+08   -5.23658e+04      0.00000e+00   -9.01557e+06   -3.11162e+06 -2.25509e+08
    34      7    5.20296e+06  4.41062e+12    1.54461e+07   -1.64006e+07   -4.29148e+04      0.00000e+00   -2.54367e+06    3.77223e+05 -3.16385e+06
    34      8    3.09893e+06  5.21123e+12    1.25042e+07   -4.38383e+06   -1.07841e+05      0.00000e+00   -3.53441e+06   -9.35422e+04  4.38454e+06
    34      9    2.88182e+06  3.69090e+13    2.46163e+07   -5.00150e+05   -4.55271e+05      0.00000e+00   -2.77618e+06   -5.24421e+05  2.03603e+07
    34     10    5.04937e+06  8.89618e+13    2.84096e+07   -3.24932e+04   -7.55154e+04      0.00000e+00   -2.61666e+06   -1.58312e+06  2.41018e+07
    34     11    7.12440e+06  1.70258e+14    3.58787e+07   -5.53058e-01   -3.65605e+04      0.00000e+00   -9.23112e+04   -6.23128e+06  2.95185e+07
    34     12    8.11887e+06  2.39252e+14    3.05573e+07   -1.15461e+04   -3.22769e+05      0.00000e+00    1.24534e+06   -7.22499e+06  2.42434e+07
    35      1    8.36829e+06  3.33418e+14    5.89912e+07   -1.15982e+06   -1.06281e+06      0.00000e+00    2.22180e+06   -1.50028e+07  4.39876e+07
    35      2    8.45919e+06  4.58169e+14    6.62895e+07   -1.15260e+06   -9.45593e+05      0.00000e+00    2.09070e+06   -1.73949e+07  4.88871e+07
    35      3    8.41773e+06  5.72527e+14    6.25253e+07   -4.68727e+05   -3.15876e+06      0.00000e+00    3.90747e+06   -2.32700e+07  3.95353e+07
    35      4    8.25494e+06  6.58098e+14    5.69193e+07   -2.73872e+06   -4.00012e+06      0.00000e+00    2.06365e+05   -2.30290e+07  2.73579e+07
    35      5    7.76325e+06  6.52822e+14    3.38765e+07   -9.33228e+07   -2.05918e+06      0.00000e+00   -8.69235e+06   -1.15488e+07 -8.17466e+07
    35      6    6.95520e+06  2.16050e+14    3.61985e+07   -1.81979e+08   -2.36118e+05      0.00000e+00   -1.69754e+07   -5.77975e+06 -1.68771e+08
    35      7    5.25333e+06  1.35418e+13    2.03928e+07   -3.14007e+07   -1.01435e+04      0.00000e+00   -3.45774e+06   -6.43879e+05 -1.51197e+07
    35      8    3.03004e+06  5.77972e+12    1.32950e+07   -3.70221e+06   -1.98782e+05      0.00000e+00   -3.51966e+06   -3.78192e+05  5.49612e+06
    35      9    2.53658e+06  4.07248e+13    2.83282e+07   -1.24737e+06   -6.17439e+05      0.00000e+00   -2.46244e+06   -1.46115e+06  2.25398e+07
    35     10    4.72196e+06  1.21907e+14    4.44447e+07   -7.20752e+04   -1.18188e+06      0.00000e+00    1.21566e+05   -5.69621e+06  3.76161e+07
    35     11    6.95772e+06  2.26826e+14    4.61044e+07   -5.28778e+05   -1.39363e+06      0.00000e+00   -6.37856e+05   -1.03680e+07  3.31762e+07
    35     12    7.99265e+06  3.09040e+14    5.26167e+07   -5.17906e+04   -6.84363e+05      0.00000e+00    2.22363e+06   -1.44676e+07  3.96366e+07
    36      1    8.20525e+06  4.08663e+14    4.00499e+07   -1.69517e+05   -1.39633e+06      0.00000e+00    1.59931e+06   -1.36760e+07  2.64074e+07
    36      2    8.45701e+06  4.83508e+14    5.01601e+07   -1.11255e+05   -8.39534e+05      0.00000e+00    1.98008e+06   -1.54998e+07  3.56896e+07
    36      3    8.39966e+06  5.66499e+14    4.70671e+07   -1.18138e+06   -1.39000e+06      0.00000e+00    2.89829e+06   -1.41858e+07  3.32082e+07
    36      4    8.23557e+06  6.44967e+14    4.79405e+07   -2.08470e+06   -2.32347e+06      0.00000e+00    1.75992e+06   -1.83476e+07  2.69446e+07
    36      5    7.82968e+06  6.76174e+14    4.01586e+07   -4.28594e+07   -1.25823e+06      0.00000e+00   -1.07487e+07   -8.80526e+06 -2.35129e+07
    36      6    7.14056e+06  3.14825e+14    1.86618e+07   -2.04519e+08   -2.79319e+05      0.00000e+00   -1.90148e+07   -5.63507e+06 -2.10786e+08
    36      7    5.72216e+06  2.65157e+13    1.75076e+07   -3.74713e+07   -9.38762e+03      0.00000e+00   -4.54265e+06   -1.61586e+05 -2.46773e+07
    36      8    3.91115e+06  1.46761e+13    3.01020e+07   -1.34232e+07   -3.66073e+04      0.00000e+00   -7.24486e+06   -4.06492e+05  8.99084e+06
    36      9    3.20041e+06  5.53967e+13    2.79021e+07   -1.95247e+06   -7.07674e+05      0.00000e+00   -2.57908e+06   -1.76287e+06  2.09000e+07
    36     10    4.90027e+06  1.31233e+14    4.01765e+07   -4.38324e+05   -7.11472e+05      0.00000e+00    2.70488e+05   -3.11385e+06  3.61833e+07
    36     11    6.55225e+06  2.13262e+14    3.01685e+07   -3.00932e+04   -4.28337e+05      0.00000e+00   -3.44655e+02   -8.03039e+06  2.16793e+07
    36     12    7.74331e+06  2.85339e+14    4.19888e+07   -1.34096e+03   -2.92597e+05      0.00000e+00    1.88947e+05   -7.92091e+06  3.39629e+07
    37      1    8.25676e+06  3.72896e+14    5.00771e+07   -3.51328e+05   -6.27593e+05      0.00000e+00    2.02889e+06   -1.11057e+07  4.00214e+07
    37      2    8.41595e+06  4.81364e+14    4.86470e+07   -3.46508e+05   -8.64516e+05      0.00000e+00    2.55524e+06   -1.25254e+07  3.74658e+07
    37      3    8.38755e+06  5.82009e+14    4.72720e+07   -8.40555e+04   -1.28992e+06      0.00000e+00    3.52996e+06   -1.18309e+07  3.75971e+07
    37      4    8.31632e+06  6.61927e+14    3.59597e+07   -1.14608e+06   -5.42399e+05      0.00000e+00    7.22622e+05   -1.10051e+07  2.39887e+07
    37      5    7.86936e+06  6.70846e+14    3.94189e+07   -6.00853e+07   -5.81239e+05      0.00000e+00   -1.35365e+07   -1.18179e+07 -4.66020e+07
    37      6    7.03430e+06  2.73142e+14    3.54553e+07   -2.20587e+08   -4.15960e+04      0.00000e+00   -1.37630e+07   -1.07464e+07 -2.09683e+08
    37      7    5.48708e+06  1.18993e+13    2.93784e+07   -3.49028e+07   -2.06842e+02      0.00000e+00   -5.14363e+06    3.68258e+05 -1.03000e+07
    37      8    3.12554e+06  3.51469e+12    6.91422e+06   -5.17237e+06   -1.02008e+04      0.00000e+00   -2.69598e+06    6.20493e+03 -9.58121e+05
    37      9    2.56757e+06  2.18746e+13    2.04400e+07   -4.22494e+05   -1.47924e+05      0.00000e+00   -2.67802e+06   -5.94178e+05  1.65973e+07
    37     10    5.06422e+06  9.73660e+13    4.43458e+07   -1.31717e+04   -6.47734e+05      0.00000e+00   -1.36855e+05   -3.35178e+06  4.01963e+07
    37     11    6.91176e+06  1.98456e+14    4.04462e+07   -6.21430e+03   -2.75313e+05      0.00000e+00    2.04935e+05   -4.44383e+06  3.59258e+07
    37     12    7.83208e+06  2.95087e+14    4.13808e+07   -1.92914e+04   -4.03022e+05      0.00000e+00    1.51013e+06   -1.13769e+07  3.10917e+07
    38      1    8.18820e+06  3.71819e+14    3.24272e+07   -9.36669e+01   -4.04657e+05      0.00000e+00    2.12250e+06   -9.04448e+06  2.51005e+07
    38      2    8.19749e+06  4.42333e+14    5.20753e+07   -7.49957e+04   -6.71586e+05      0.00000e+00    3.65135e+06   -1.33882e+07  4.15919e+07
    38      3    8.24523e+06  5.67763e+14    5.71095e+07   -4.09336e+04   -1.00931e+06      0.00000e+00    2.03673e+06   -1.46482e+07  4.34478e+07
    38      4    8.23606e+06  6.67690e+14    3.96524e+07   -1.12430e+06   -1.36610e+06      0.00000e+00    6.36441e+05   -9.80156e+06  2.79969e+07
    38      5    7.68379e+06  6.55618e+14    3.57396e+07   -9.68067e+07   -1.35261e+06      0.00000e+00   -1.24812e+07   -1.50612e+07 -8.99621e+07
    38      6    6.81251e+06  2.11530e+14    2.08361e+07   -1.70861e+08   -4.67371e+05      0.00000e+00   -1.37665e+07   -6.15718e+06 -1.70416e+08
    38      7    5.17237e+06  8.19454e+12    2.79790e+07   -2.67486e+07   -3.74961e+03      0.00000e+00   -5.16595e+06   -4.35086e+05 -4.37439e+06
    38      8    3.16755e+06  1.41076e+13    2.22733e+07   -1.18380e+07   -6.03964e+05      0.00000e+00   -6.39550e+06   -1.39478e+06  2.04105e+06
    38      9    2.39168e+06  3.13157e+13    1.71608e+07   -8.50838e+05   -5.88182e+05      0.00000e+00   -2.13681e+06   -1.10059e+06  1.24844e+07
    38     10    4.48769e+06  8.12583e+13    3.03273e+07   -2.62267e+04   -2.29744e+05      0.00000e+00   -1.58006e+06   -1.10354e+06  2.73877e+07
    38     11    6.66972e+06  1.59699e+14    3.74890e+07   -6.54611e+03   -3.14578e+05      0.00000e+00   -3.97110e+04   -7.32867e+06  2.97995e+07
    38     12    7.89291e+06  2.38395e+14    4.15489e+07   -2.41607e+02   -4.73444e+05      0.00000e+00    1.33487e+06   -9.54384e+06  3.28663e+07
    39      1    8.18902e+06  3.43319e+14    4.82193e+07   -1.20826e+05   -5.57256e+05      0.00000e+00    1.83786e+06   -1.13686e+07  3.80105e+07
    39      2    8.38719e+06  4.33377e+14    4.47860e+07   -4.92951e+05   -1.81912e+05      0.00000e+00    3.03538e+06   -4.90493e+06  4.22416e+07
    39      3    8.16039e+06  5.51446e+14    5.75610e+07   -3.15743e+05   -9.38221e+05      0.00000e+00    1.91518e+06   -1.77525e+07  4.04697e+07
    39      4    8.18468e+06  6.21466e+14    3.21239e+07   -2.20983e+06   -6.21592e+05      0.00000e+00    2.90528e+05   -7.29296e+06  2.22900e+07
    39      5    7.83254e+06  6.13313e+14    3.32824e+07   -8.50202e+07   -3.23134e+05      0.00000e+00   -1.35664e+07   -6.89084e+06 -7.25182e+07
    39      6    7.04225e+06  2.57118e+14    2.14482e+07   -1.55327e+08   -2.32282e+05      0.00000e+00   -1.44923e+07   -5.30196e+06 -1.53906e+08
    39      7    5.81695e+06  1.72525e+13    2.12962e+07   -3.76284e+07   -2.34720e+02      0.00000e+00   -5.05835e+06    2.76873e+05 -2.11139e+07
    39      8    4.27605e+06  4.55317e+12    1.13775e+07   -4.39240e+06   -2.02530e+01      0.00000e+00   -4.33079e+06    2.45014e+05  2.89930e+06
    39      9    3.81080e+06  4.49252e+13    3.73618e+07   -3.63090e+06   -4.29917e+05      0.00000e+00   -2.71742e+06   -8.51774e+05  2.97318e+07
    39     10    5.12381e+06  1.26377e+14    3.82671e+07   -1.63832e+05   -1.11120e+06      0.00000e+00   -6.52676e+04   -4.54682e+06  3.23800e+07
    39     11    6.84376e+06  2.04401e+14    3.60287e+07   -2.25958e+05   -8.14777e+05      0.00000e+00    1.57698e+05   -8.13571e+06  2.70100e+07
    39     12    7.83840e+06  2.81423e+14    3.61650e+07   -8.06376e+02   -6.33997e+05      0.00000e+00    9.10843e+05   -8.35634e+06  2.80847e+07
    40      1    8.26818e+06  3.47957e+14    3.38802e+07   -4.64841e+04   -3.19211e+05      0.00000e+00    1.76433e+06   -8.20344e+06  2.70754e+07
    40      2    8.50711e+06  4.18516e+14    3.40747e+07   -1.99915e+05   -7.01573e+05      0.00000e+00    2.39962e+06   -9.05777e+06  2.65151e+07
    40      3    8.48624e+06  4.89619e+14    3.80168e+07   -4.62730e+04   -4.04934e+05      0.00000e+00    2.80591e+06   -9.31175e+06  3.10598e+07
    40      4    8.45930e+06  5.88498e+14    5.03170e+07   -1.72081e+06   -1.02575e+06      0.00000e+00    5.19311e+05   -1.07423e+07  3.73474e+07
    40      5    8.01048e+06  6.05947e+14    3.33019e+07   -5.25137e+07   -8.92175e+05      0.00000e+00   -1.09446e+07   -9.54508e+06 -4.05937e+07
    40      6    7.26606e+06  2.43119e+14    1.19717e+07   -1.79989e+08   -8.32540e+04      0.00000e+00   -2.05690e+07   -4.80416e+06 -1.93474e+08
    40      7    6.11693e+06  9.79816e+12    2.91647e+07   -3.18600e+07   -4.02822e+01      0.00000e+00   -6.75988e+06    2.62285e+05 -9.19292e+06
    40      8    4.80541e+06  6.41668e+12    2.12422e+07   -9.55914e+06   -1.17146e+04      0.00000e+00   -6.08025e+06    7.07080e+04  5.66175e+06
    40      9    4.28319e+06  3.56287e+13    2.63761e+07   -2.16881e+06   -6.09248e+04      0.00000e+00   -5.34678e+06   -9.81190e+05  1.78184e+07
    40     10    5.98214e+06  1.05842e+14    3.86930e+07   -1.25523e+04   -1.32747e+05      0.00000e+00    5.50506e+05   -2.58434e+06  3.65139e+07
    40     11    7.70898e+06  2.08371e+14    4.59535e+07   -7.51928e+05   -3.17372e+05      0.00000e+00    1.51713e+06   -8.18897e+06  3.82124e+07
    40     12    8.25890e+06  3.08036e+14    4.23239e+07   -3.97490e+03   -2.19100e+05      0.00000e+00    1.87039e+06   -8.48941e+06  3.54818e+07
    41      1    8.37140e+06  4.19658e+14    6.07376e+07   -5.98218e+05   -2.90016e+05      0.00000e+00    2.34650e+06   -9.49210e+06  5.27038e+07
    41      2    8.44928e+06  5.43552e+14    4.30103e+07   -7.29814e+05   -9.68705e+04      0.00000e+00    1.98663e+06   -1.47398e+07  2.94304e+07
    41      3    8.41895e+06  6.35524e+14    5.42903e+07   -3.46988e+05   -8.86259e+05      0.00000e+00    1.67250e+06   -1.51437e+07  3.95859e+07
    41      4    8.46183e+06  7.35820e+14    4.91673e+07   -5.22947e+06   -1.03754e+06      0.00000e+00    3.28544e+05   -1.02190e+07  3.30098e+07
    41      5    8.03488e+06  7.68849e+14    3.62667e+07   -3.17294e+07   -5.90292e+05      0.00000e+00   -9.14960e+06   -8.52777e+06 -1.37303e+07
    41      6    7.27593e+06  3.71593e+14    4.35636e+07   -2.86402e+08   -1.60247e+05      0.00000e+00   -1.87523e+07   -1.17376e+07 -2.73488e+08
    41      7    6.22108e+06  1.32885e+13    2.41825e+07   -3.40929e+07   -5.13613e+03      0.00000e+00   -5.69693e+06    6.71213e+05 -1.49412e+07
    41      8    4.77157e+06  1.30491e+13    3.00412e+07   -1.07379e+07   -4.31394e+04      0.00000e+00   -9.36348e+06    2.06753e+05  1.01035e+07
    41      9    4.16299e+06  3.91800e+13    2.25615e+07   -2.05667e+06   -6.95060e+04      0.00000e+00   -3.99459e+06   -5.16433e+05  1.59243e+07
    41     10    6.06552e+06  1.30290e+14    5.05422e+07   -4.48612e+05   -2.56979e+05      0.00000e+00   -8.26075e+05   -3.91649e+06  4.50940e+07
    41     11    7.47956e+06  2.51318e+14    5.60543e+07   -1.13513e+05   -7.43607e+05      0.00000e+00    1.72522e+06   -1.12479e+07  4.56745e+07
    41     12    8.10405e+06  3.54554e+14    5.24308e+07   -9.07592e+03   -3.17403e+05      0.00000e+00    1.90271e+06   -9.26464e+06  4.47424e+07
    42      1    8.41955e+06  4.68482e+14    3.45796e+07   -3.03911e+04   -4.73608e+05      0.00000e+00    2.58180e+06   -4.99613e+06  3.16613e+07
    42      2    8.55219e+06  5.64709e+14    5.57805e+07   -1.85987e+04   -3.57702e+05      0.00000e+00    3.51746e+06   -1.06206e+07  4.83010e+07
    42      3    8.63217e+06  6.84252e+14    5.15211e+07   -4.82922e+05   -6.69689e+05      0.00000e+00    2.84996e+06   -1.17521e+07  4.14664e+07
    42      4    8.56080e+06  8.22062e+14    7.47659e+07   -1.42494e+06   -1.26813e+06      0.00000e+00    7.41639e+05   -1.64354e+07  5.63791e+07
    42      5    8.08400e+06  8.54784e+14    3.59850e+07   -5.71620e+07   -6.12270e+05      0.00000e+00   -1.24555e+07   -9.54215e+06 -4.37869e+07
    42      6    7.33089e+06  4.24954e+14    3.47783e+07   -2.80828e+08   -2.98553e+05      0.00000e+00   -2.08652e+07   -9.68565e+06 -2.76900e+08
    42      7    5.88212e+06  1.48248e+13    1.53884e+07   -3.36738e+07   -9.19046e+02      0.00000e+00   -2.99512e+06    8.24483e+05 -2.04569e+07
    42      8    4.20561e+06  3.88168e+12    1.26321e+07   -6.38255e+06   -1.87944e+01      0.00000e+00   -4.09791e+06    9.05974e+04  2.24220e+06
    42      9    3.80760e+06  2.73725e+13    2.52541e+07   -7.17757e+05   -2.33909e+04      0.00000e+00   -2.79701e+06    1.60282e+05  2.18763e+07
    42     10    5.64135e+06  9.99692e+13    3.39443e+07   -5.20059e+04   -4.03973e+05      0.00000e+00   -7.12482e+05   -3.52776e+06  2.92481e+07
    42     11    7.77013e+06  1.90178e+14    4.03042e+07   -5.27905e+04   -3.46025e+05      0.00000e+00    2.00511e+06   -6.08228e+06  3.58282e+07
    42     12    8.38216e+06  2.77284e+14    3.61383e+07   -2.92309e+03   -2.53280e+05      0.00000e+00    1.90924e+06   -9.11866e+06  2.86726e+07
    43      1    8.51133e+06  3.76207e+14    6.08735e+07   -2.13054e+06   -3.51925e+05      0.00000e+00    3.12642e+06   -1.28151e+07  4.87024e+07
    43      2    8.63439e+06  4.73921e+14    3.72453e+07   -1.41733e+05   -6.05780e+05      0.00000e+00    2.41915e+06   -1.30219e+07  2.58950e+07
    43      3    8.67181e+06  5.77019e+14    6.41780e+07   -3.48131e+05   -1.36723e+06      0.00000e+00    3.24203e+06   -1.45191e+07  5.11856e+07
    43      4    8.48943e+06  6.92487e+14    5.37004e+07   -5.97774e+06   -2.00229e+06      0.00000e+00   -1.17719e+05   -1.43693e+07  3.12334e+07
    43      5    8.06078e+06  7.31401e+14    3.63954e+07   -1.86713e+07   -1.02796e+06      0.00000e+00   -9.46322e+06   -6.99894e+06  2.33960e+05
    43      6    7.41124e+06  4.01398e+14    3.08295e+07   -2.62981e+08   -2.83446e+05      0.00000e+00   -1.81304e+07   -1.27344e+07 -2.63300e+08
    43      7    6.38032e+06  1.64814e+13    2.80221e+07   -4.21993e+07   -4.62015e+02      0.00000e+00   -4.73706e+06    3.48618e+05 -1.85660e+07
    43      8    4.92137e+06  1.28600e+13    3.16323e+07   -1.84399e+07   -2.75468e+04      0.00000e+00   -7.06166e+06   -6.28599e+04  6.04031e+06
    43      9    4.23904e+06  5.37697e+13    3.88349e+07   -1.64434e+06   -3.76689e+05      0.00000e+00   -3.74614e+06   -2.48755e+06  3.05802e+07
    43     10    5.94174e+06  1.52365e+14    3.57945e+07   -1.00655e+05   -2.05313e+05      0.00000e+00    4.50692e+05   -5.36446e+06  3.05748e+07
    43     11    7.65944e+06  2.19651e+14    3.28744e+07   -3.54784e+04   -2.67848e+05      0.00000e+00    1.30091e+06   -3.96891e+06  2.99031e+07
    43     12    8.32473e+06  3.14107e+14    3.89492e+07   -1.05836e+05   -1.92613e+05      0.00000e+00    2.70165e+06   -3.64107e+06  3.77113e+07
    44      1    8.51564e+06  3.98624e+14    4.02277e+07   -1.08224e+05   -2.14401e+05      0.00000e+00    3.11454e+06   -7.14217e+06  3.58775e+07
    44      2    8.54043e+06  4.86388e+14    3.52914e+07   -5.50416e+05   -4.23550e+05      0.00000e+00    3.16740e+06   -8.90654e+06  2.85783e+07
    44      3    8.48761e+06  5.79221e+14    5.37886e+07   -2.37219e+06   -5.43947e+05      0.00000e+00    1.97265e+06   -1.11992e+07  4.16460e+07
    44      4    8.42346e+06  6.97469e+14    5.77861e+07   -3.76301e+06   -1.57716e+06      0.00000e+00    2.11266e+06   -1.39112e+07  4.06473e+07
    44      5    8.05246e+06  7.07961e+14    2.02821e+07   -4.56491e+07   -2.32142e+05      0.00000e+00   -9.40316e+06   -3.41641e+05 -3.53440e+07
    44      6    7.40934e+06  2.91666e+14    1.80100e+07   -2.18076e+08   -1.52132e+05      0.00000e+00   -2.19160e+07   -5.86712e+06 -2.28001e+08
    44      7    6.56765e+06  1.67234e+13    2.22792e+07   -3.62499e+07   -2.85110e+03      0.00000e+00   -5.71317e+06    4.50086e+05 -1.92366e+07
    44      8    5.35641e+06  8.66966e+12    3.61843e+07   -2.20367e+07   -1.31286e+04      0.00000e+00   -7.62242e+06   -2.06714e+05  6.30537e+06
    44      9    4.70176e+06  4.98667e+13    3.99439e+07   -3.20990e+06   -2.56916e+05      0.00000e+00   -4.69438e+06   -2.10416e+06  2.96785e+07
    44     10    6.00244e+06  1.51103e+14    4.79463e+07   -8.31924e+04   -5.72141e+05      0.00000e+00    5.92083e+05   -5.09780e+06  4.27852e+07
    44     11    7.46382e+06  2.62823e+14    5.52700e+07   -7.12182e+04   -1.54680e+06      0.00000e+00    1.42300e+06   -1.15210e+07  4.35540e+07
    44     12    8.04646e+06  3.89541e+14    6.38282e+07   -1.79406e+05   -9.05922e+05      0.00000e+00    2.57752e+06   -1.52329e+07  5.00875e+07
    45      1    8.42881e+06  5.09076e+14    5.41158e+07   -1.96360e+05   -7.15617e+05      0.00000e+00    2.28249e+06   -1.22791e+07  4.32073e+07
    45      2    8.49492e+06  6.22817e+14    3.87231e+07   -1.55142e+05   -4.67109e+05      0.00000e+00    2.37291e+06   -1.05440e+07  2.99297e+07
    45      3    8.57826e+06  6.87267e+14    3.64548e+07   -5.47468e+03   -6.13194e+05      0.00000e+00    2.10438e+06   -1.43991e+07  2.35415e+07
    45      4    8.55829e+06  7.41199e+14    3.13398e+07   -5.75332e+06   -6.38185e+05      0.00000e+00    6.02575e+05   -1.20962e+07  1.34547e+07
    45      5    8.08753e+06  7.50416e+14    3.22923e+07   -3.27676e+07   -3.92494e+05      0.00000e+00   -8.84266e+06   -8.25123e+06 -1.79617e+07
    45      6    7.38028e+06  3.71441e+14    3.14652e+07   -2.53542e+08   -2.69477e+05      0.00000e+00   -2.09351e+07   -1.33482e+07 -2.56630e+08
    45      7    6.17750e+06  1.42306e+13    2.87221e+07   -3.98248e+07   -4.82358e+03      0.00000e+00   -5.22381e+06    9.11232e+05 -1.54201e+07
    45      8    4.66403e+06  8.08815e+12    2.92656e+07   -1.65532e+07   -2.46584e+04      0.00000e+00   -5.87217e+06    1.43305e+05  6.95888e+06
    45      9    4.16674e+06  3.53824e+13    2.15870e+07   -5.98055e+05   -1.21261e+05      0.00000e+00   -5.11439e+06   -3.58671e+05  1.53947e+07
    45     10    5.90131e+06  1.15860e+14    3.87636e+07   -2.52450e+05   -3.98627e+05      0.00000e+00   -4.36616e+05   -3.91397e+06  3.37620e+07
    45     11    7.37293e+06  1.92672e+14    3.61052e+07   -3.50464e+04   -7.11459e+05      0.00000e+00    1.05996e+06   -7.63942e+06  2.87792e+07
    45     12    8.10551e+06  2.72386e+14    4.67284e+07   -3.88408e+04   -4.49550e+05      0.00000e+00    1.21894e+06   -8.37960e+06  3.90793e+07
    46      1    8.40843e+06  3.66650e+14    3.81986e+07   -1.12324e+04   -4.91595e+05      0.00000e+00    2.18848e+06   -1.06867e+07  2.91975e+07
    46      2    8.45750e+06  4.43098e+14    3.38519e+07   -8.75730e+04   -1.65900e+05      0.00000e+00    4.16949e+06   -6.20211e+06  3.15658e+07
    46      3    8.46415e+06  5.27037e+14    3.90580e+07   -1.56959e+04   -7.27831e+05      0.00000e+00    2.94161e+06   -1.26843e+07  2.85718e+07
    46      4    8.44988e+06  6.02952e+14    3.74352e+07   -6.14409e+06   -7.53901e+05      0.00000e+00    1.35654e+06   -1.02237e+07  2.16700e+07
    46      5    8.08103e+06  5.81036e+14    3.52888e+07   -1.03956e+08   -6.06915e+05      0.00000e+00   -9.30544e+06   -9.36244e+06 -8.79419e+07
    46      6    7.21610e+06  1.20085e+14    1.93128e+07   -1.45908e+08   -3.37881e+04      0.00000e+00   -1.42943e+07   -1.75005e+06 -1.42673e+08
    46      7    5.93795e+06  4.74317e+12    2.21239e+07   -1.96437e+07   -7.36009e+01      0.00000e+00   -5.27726e+06   -3.87327e+05 -3.18443e+06
    46      8    4.55551e+06  6.95082e+12    2.08486e+07   -1.08568e+07   -1.07399e+04      0.00000e+00   -7.01683e+06   -5.86800e+05  2.37742e+06
    46      9    3.91801e+06  3.76498e+13    3.05844e+07   -3.41348e+06   -3.36767e+05      0.00000e+00   -3.93103e+06   -1.20018e+06  2.17029e+07
    46     10    5.49771e+06  1.10352e+14    3.87589e+07   -6.34268e+04   -1.44287e+06      0.00000e+00   -7.81468e+05   -6.65869e+06  2.98124e+07
    46     11    6.73912e+06  1.90084e+14    3.68708e+07   -1.27422e+05   -6.66194e+05      0.00000e+00   -5.83654e+04   -6.13023e+06  2.98886e+07
    46     12    7.73193e+06  2.61948e+14    3.44962e+07   -7.62445e+00   -1.55226e+05      0.00000e+00    1.85583e+06   -6.81394e+06  2.93829e+07
    47      1    8.08451e+06  3.33298e+14    3.10472e+07   -1.62224e+04   -2.31342e+05      0.00000e+00    2.33254e+06   -8.44111e+06  2.46911e+07
    47      2    8.19919e+06  4.09443e+14    4.47908e+07   -2.20191e+05   -5.52556e+05      0.00000e+00    2.28455e+06   -1.30735e+07  3.32291e+07
    47      3    8.33488e+06  4.90125e+14    3.73606e+07   -5.82831e+04   -4.96477e+05      0.00000e+00    2.10122e+06   -8.18962e+06  3.07175e+07
    47      4    8.33049e+06  5.71928e+14    5.16033e+07   -8.32316e+06   -7.87863e+05      0.00000e+00    4.53582e+05   -1.12073e+07  3.17385e+07
    47      5    7.77179e+06  5.92510e+14    1.99370e+07   -4.12832e+07   -1.47589e+05      0.00000e+00   -1.03483e+07   -5.09646e+06 -3.69386e+07
    47      6    7.12055e+06  2.22773e+14    1.97624e+07   -1.93289e+08   -1.34681e+05      0.00000e+00   -1.35476e+07   -5.52844e+06 -1.92737e+08
    47      7    6.11427e+06  6.42984e+12    1.70939e+07   -2.17347e+07   -1.97019e+03      0.00000e+00   -3.16721e+06    4.87910e+05 -7.32208e+06
    47      8    4.75959e+06  8.38101e+12    3.10635e+07   -1.32370e+07   -1.85223e+04      0.00000e+00   -7.09394e+06   -3.74526e+05  1.03395e+07
    47      9    4.49917e+06  7.02045e+13    3.92702e+07   -2.28932e+06   -3.46891e+05      0.00000e+00   -5.27476e+06   -1.37949e+06  2.99798e+07
    47     10    6.04281e+06  1.54082e+14    3.91892e+07   -2.49638e+03   -1.56157e+05      0.00000e+00    1.33296e+06   -3.75479e+06  3.66087e+07
    47     11    7.45311e+06  2.60281e+14    4.20994e+07   -1.90502e+03   -2.46807e+05      0.00000e+00    1.45287e+06   -7.05331e+06  3.62502e+07
    47     12    8.23832e+06  3.45431e+14    3.57944e+07   -3.09049e+04   -7.02318e+04      0.00000e+00    1.61912e+06   -4.89667e+06  3.24157e+07
    48      1    8.54273e+06  4.28980e+14    3.75767e+07   -1.65588e-01   -6.99225e+04      0.00000e+00    2.98373e+06   -8.36521e+06  3.21253e+07
    48      2    8.62983e+06  5.20833e+14    4.37467e+07   -9.91103e+02   -2.54481e+05      0.00000e+00    1.99881e+06   -7.58403e+06  3.79060e+07
    48      3    8.63508e+06  6.26923e+14    5.80643e+07   -1.09796e+05   -7.48449e+05      0.00000e+00    3.86451e+06   -1.15298e+07  4.95408e+07
    48      4    8.53106e+06  7.40539e+14    4.92538e+07   -7.40714e+06   -7.26913e+05      0.00000e+00    4.87613e+05   -1.13314e+07  3.02760e+07
    48      5    8.11188e+06  7.68608e+14    4.61348e+07   -5.56004e+07   -8.00605e+05      0.00000e+00   -1.50496e+07   -8.30001e+06 -3.36159e+07
    48      6    7.44620e+06  2.65068e+14    1.38601e+07   -2.45391e+08   -1.14111e+05      0.00000e+00   -1.61047e+07   -6.94237e+06 -2.54692e+08
    48      7    6.24338e+06  7.74639e+12    2.20630e+07   -2.74326e+07   -2.21146e+03      0.00000e+00   -4.40417e+06   -1.41062e+05 -9.91702e+06
    48      8    4.60495e+06  9.02339e+12    2.63879e+07   -1.10250e+07   -1.23900e+04      0.00000e+00   -6.67045e+06   -2.90457e+05  8.38957e+06
    48      9    4.04481e+06  6.81605e+13    4.42208e+07   -3.36510e+06   -6.86882e+05      0.00000e+00   -4.03076e+06   -2.75849e+06  3.33796e+07
    48     10    5.77833e+06  1.55031e+14    4.57464e+07   -2.29441e+05   -8.95425e+05      0.00000e+00    1.88044e+04   -6.43741e+06  3.82029e+07
    48     11    7.63718e+06  2.54559e+14    4.47478e+07   -2.65663e+05   -1.56834e+06      0.00000e+00    9.12026e+05   -1.09731e+07  3.28527e+07
    48     12    8.27771e+06  3.19459e+14    2.54286e+07   -7.92994e-07   -2.10059e+05      0.00000e+00    1.81135e+06   -1.21062e+07  1.49237e+07
    49      1    8.50530e+06  3.66356e+14    3.16248e+07   -1.77580e+03   -5.17311e+05      0.00000e+00    2.79412e+06   -1.18495e+07  2.20503e+07
    49      2    8.60382e+06  4.23824e+14    4.14263e+07   -6.63921e+04   -9.74011e+05      0.00000e+00    2.88981e+06   -1.29038e+07  3.03719e+07
    49      3    8.57575e+06  5.34614e+14    5.72268e+07   -2.13628e+06   -4.32260e+05      0.00000e+00    4.10458e+06   -9.47141e+06  4.92914e+07
    49      4    8.54259e+06  6.35830e+14    3.89772e+07   -5.03120e+05   -5.67885e+05      0.00000e+00    4.39527e+05   -1.37660e+07  2.45797e+07
    49      5    8.18159e+06  6.48096e+14    3.22878e+07   -4.09882e+07   -1.01963e+06      0.00000e+00   -1.10512e+07   -9.84588e+06 -3.06172e+07
    49      6    7.52319e+06  3.02269e+14    2.62787e+07   -2.06722e+08   -5.00240e+05      0.00000e+00   -1.96423e+07   -7.59416e+06 -2.08180e+08
    49      7    6.29662e+06  1.91054e+13    4.73362e+07   -5.20458e+07   -7.04826e+03      0.00000e+00   -1.20251e+07   -1.12957e+05 -1.68547e+07
    49      8    4.76415e+06  1.23318e+13    2.72189e+07   -1.33386e+07   -1.13414e+04      0.00000e+00   -8.16644e+06   -1.02153e+05  5.60037e+06
    49      9    4.13076e+06  5.85866e+13    3.94440e+07   -1.98298e+06   -4.59707e+05      0.00000e+00   -4.32004e+06   -2.16037e+06  3.05209e+07
    49     10    6.14183e+06  1.55375e+14    4.98495e+07   -5.77402e+04   -4.72872e+05      0.00000e+00   -1.11362e+05   -4.34986e+06  4.48577e+07
    49     11    7.73362e+06  2.80172e+14    4.77539e+07   -6.86825e+04   -3.59791e+05      0.00000e+00    1.82395e+06   -7.61378e+06  4.15356e+07
    49     12    8.46439e+06  3.78728e+14    3.98453e+07   -2.60882e+04   -1.46271e+05      0.00000e+00    1.49702e+06   -7.14188e+06  3.40281e+07
    50      1    8.67701e+06  4.58009e+14    4.07241e+07   -4.98833e+04   -3.63660e+05      0.00000e+00    2.17741e+06   -1.01070e+07  3.23810e+07
    50      2    8.74778e+06  5.55881e+14    5.33150e+07   -3.24057e+03   -1.03458e+06      0.00000e+00    3.84308e+06   -1.47620e+07  4.13583e+07
    50      3    8.72877e+06  6.73152e+14    7.13277e+07   -9.54243e+05   -1.49435e+06      0.00000e+00    3.15500e+06   -2.09172e+07  5.11169e+07
    50      4    8.67419e+06  8.00958e+14    6.33808e+07   -3.42182e+06   -1.38940e+06      0.00000e+00    2.85912e+05   -1.66554e+07  4.22001e+07
    50      5    8.18541e+06  8.30356e+14    4.95227e+07   -6.17489e+07   -7.85216e+05      0.00000e+00   -1.49832e+07   -9.67305e+06 -3.76677e+07
    50      6    7.36783e+06  3.52035e+14    2.77585e+07   -2.67058e+08   -1.66994e+05      0.00000e+00   -2.17262e+07   -8.33374e+06 -2.69526e+08
    50      7    5.92048e+06  1.60687e+13    2.64968e+07   -3.83778e+07   -1.88997e+04      0.00000e+00   -6.16596e+06   -3.51077e+05 -1.84169e+07
    50      8    3.93901e+06  7.55374e+12    2.13720e+07   -1.27237e+07   -9.29472e+04      0.00000e+00   -5.12635e+06   -5.46133e+05  2.88292e+06
    50      9    3.16687e+06  3.15579e+13    2.91168e+07   -1.77836e+06   -4.47776e+05      0.00000e+00   -3.66378e+06   -1.81018e+06  2.14167e+07
    50     10    5.16510e+06  1.10244e+14    3.39156e+07   -4.83624e+03   -5.64376e+05      0.00000e+00   -1.51242e+06   -2.35364e+06  2.94803e+07
    50     11    7.84156e+06  1.94687e+14    4.77208e+07   -1.13351e+05   -4.91141e+05      0.00000e+00    5.63075e+05   -8.02736e+06  3.96520e+07
    50     12    8.48535e+06  2.97725e+14    4.08157e+07   -1.14231e+05   -7.65913e+05      0.00000e+00    2.70341e+06   -8.34065e+06  3.42983e+07
