# Contact: David Bailey dbailey@ucar.edu
# Corresponding HIST file: n/a
# Components of the Arctic snow on sea ice mass budget (Kg s-1):
# Year  Month   Area (Km**2)    Mass (Kg)     sndmasssnf    sndmassmelt      sndmasssi   sndmasswindrif    sndmasssubl     sndmassdyn        total
     1      1    8.21668e+06  3.93853e+14    3.47908e+07   -4.51050e+01   -1.06960e+06      0.00000e+00    1.20653e+06   -8.09558e+06  2.68321e+07
     1      2    8.39687e+06  4.75027e+14    3.03211e+07   -3.29401e+04   -1.02117e+06      0.00000e+00    1.75862e+06   -5.92155e+06  2.51041e+07
     1      3    8.44917e+06  5.59805e+14    4.96454e+07   -1.37458e+06   -1.81078e+06      0.00000e+00    1.80514e+06   -8.42784e+06  3.98374e+07
     1      4    8.40703e+06  6.62241e+14    5.27562e+07   -3.47196e+06   -5.56765e+06      0.00000e+00   -1.82298e+05   -7.66836e+06  3.58659e+07
     1      5    8.02090e+06  6.88012e+14    3.22951e+07   -3.93206e+07   -3.09650e+06      0.00000e+00   -1.07328e+07   -3.96385e+06 -2.48186e+07
     1      6    7.29796e+06  3.25433e+14    2.31808e+07   -2.30418e+08   -1.48485e+06      0.00000e+00   -1.51942e+07   -3.76266e+06 -2.27678e+08
     1      7    6.07203e+06  7.01321e+12    1.21022e+07   -2.34275e+07   -3.70971e+04      0.00000e+00   -2.72884e+06    6.72532e+05 -1.34186e+07
     1      8    4.72516e+06  1.09120e+13    3.52607e+07   -1.99189e+07   -8.58325e+04      0.00000e+00   -7.13318e+06   -4.47765e+05  7.67501e+06
     1      9    4.37926e+06  4.65388e+13    2.60778e+07   -1.21051e+06   -6.59901e+05      0.00000e+00   -3.78851e+06   -6.76735e+05  1.97421e+07
     1     10    5.70308e+06  1.30672e+14    4.77854e+07   -2.00236e+05   -2.47455e+06      0.00000e+00   -7.04462e+05   -4.59665e+06  3.98095e+07
     1     11    6.74558e+06  2.38401e+14    5.08908e+07   -2.56009e+05   -2.63635e+06      0.00000e+00    5.20788e+04   -8.74773e+06  3.93028e+07
     1     12    7.78319e+06  3.24336e+14    4.39885e+07   -9.73858e+04   -2.03012e+06      0.00000e+00   -2.81394e+02   -1.10760e+07  3.07847e+07
     2      1    8.45045e+06  4.06793e+14    4.32999e+07   -4.84171e-07   -3.46317e+06      0.00000e+00    1.21125e+06   -7.76269e+06  3.32853e+07
     2      2    8.55769e+06  5.13093e+14    5.82343e+07   -2.98952e+05   -2.37582e+06      0.00000e+00    1.68737e+06   -1.08632e+07  4.63837e+07
     2      3    8.62551e+06  6.17352e+14    3.43113e+07   -1.46925e+05   -3.15013e+06      0.00000e+00    3.08156e+06   -2.85886e+06  3.12369e+07
     2      4    8.60064e+06  6.89174e+14    4.45123e+07   -5.53038e+06   -2.68080e+06      0.00000e+00   -1.17290e+05   -8.33874e+06  2.78451e+07
     2      5    8.18352e+06  6.64328e+14    4.28453e+07   -1.05194e+08   -1.21997e+06      0.00000e+00   -1.53570e+07   -1.05357e+07 -8.94610e+07
     2      6    7.22070e+06  2.10927e+14    2.39731e+07   -1.81054e+08   -1.36291e+05      0.00000e+00   -1.62987e+07   -4.53712e+06 -1.78053e+08
     2      7    5.37555e+06  7.34225e+12    3.39730e+07   -3.33811e+07   -1.50808e+04      0.00000e+00   -6.86926e+06    5.44384e+05 -5.74800e+06
     2      8    3.52670e+06  9.37717e+12    2.54336e+07   -1.35250e+07   -9.40979e+05      0.00000e+00   -5.62922e+06    4.23395e+04  5.38079e+06
     2      9    3.21484e+06  4.39365e+13    2.87441e+07   -1.24878e+06   -1.46507e+06      0.00000e+00   -3.17893e+06   -7.46724e+05  2.21046e+07
     2     10    5.11298e+06  1.09537e+14    3.47830e+07   -4.57332e+04   -1.80641e+06      0.00000e+00   -3.16162e+06   -2.87858e+06  2.68906e+07
     2     11    7.17682e+06  1.79829e+14    3.90517e+07   -1.72845e+03   -4.72292e+06      0.00000e+00   -1.39335e+06   -1.08802e+07  2.20535e+07
     2     12    8.25530e+06  2.37621e+14    4.24483e+07   -8.77783e+04   -8.01251e+05      0.00000e+00   -2.66538e+05   -7.19166e+06  3.41011e+07
     3      1    8.50931e+06  3.53317e+14    5.24009e+07   -6.78870e+04   -4.20404e+06      0.00000e+00    1.34239e+06   -9.13493e+06  4.03364e+07
     3      2    8.58008e+06  4.39501e+14    5.19548e+07   -2.90184e+04   -4.45736e+06      0.00000e+00    2.01740e+06   -1.48717e+07  3.46142e+07
     3      3    8.44083e+06  5.50861e+14    7.32500e+07   -7.94942e+05   -8.54836e+06      0.00000e+00    2.77225e+06   -1.87501e+07  4.79289e+07
     3      4    8.34192e+06  6.46413e+14    4.20966e+07   -1.15779e+06   -4.79596e+06      0.00000e+00   -5.01935e+05   -1.37856e+07  2.18553e+07
     3      5    7.84938e+06  6.57654e+14    2.48598e+07   -2.22903e+07   -7.51158e+06      0.00000e+00   -9.34199e+06   -7.03852e+06 -2.13226e+07
     3      6    7.01736e+06  3.76521e+14    1.56330e+07   -1.81335e+08   -2.18435e+06      0.00000e+00   -1.92358e+07   -8.32882e+06 -1.95451e+08
     3      7    5.87531e+06  2.75692e+13    2.67154e+07   -5.70964e+07   -2.92190e+04      0.00000e+00   -5.51962e+06    1.89525e+06 -3.40346e+07
     3      8    4.47443e+06  1.08661e+13    2.18090e+07   -1.14638e+07   -4.31823e+04      0.00000e+00   -6.83579e+06   -1.16438e+06  2.30180e+06
     3      9    3.97811e+06  5.02350e+13    3.21989e+07   -1.82631e+06   -9.06670e+05      0.00000e+00   -4.76243e+06   -9.75997e+05  2.37275e+07
     3     10    5.26300e+06  1.20696e+14    4.06044e+07   -8.88842e+04   -3.49061e+06      0.00000e+00    1.67620e+05   -5.89976e+06  3.12928e+07
     3     11    7.06126e+06  2.00458e+14    4.35087e+07   -1.03251e+03   -1.55895e+06      0.00000e+00   -2.61598e+05   -8.02335e+06  3.36637e+07
     3     12    7.93581e+06  2.95883e+14    4.48221e+07   -3.88777e+04   -3.87884e+06      0.00000e+00    2.12855e+05   -1.21299e+07  2.89873e+07
     4      1    8.06936e+06  3.92715e+14    5.86825e+07   -7.85100e+05   -3.65585e+06      0.00000e+00    2.04092e+06   -1.07371e+07  4.55454e+07
     4      2    8.22023e+06  4.99787e+14    4.89785e+07   -1.48015e+04   -1.79101e+06      0.00000e+00    1.50702e+06   -1.36900e+07  3.49898e+07
     4      3    8.47543e+06  5.68366e+14    3.43628e+07   -1.71626e+05   -2.30498e+06      0.00000e+00    2.23856e+06   -9.23261e+06  2.48921e+07
     4      4    8.39569e+06  6.50777e+14    3.25072e+07   -2.24925e+06   -2.26034e+06      0.00000e+00   -6.37739e+05   -3.62160e+06  2.37382e+07
     4      5    7.93559e+06  6.39919e+14    2.65256e+07   -6.20380e+07   -2.44421e+06      0.00000e+00   -9.88334e+06   -9.45969e+06 -5.72996e+07
     4      6    7.05191e+06  2.64559e+14    2.38552e+07   -1.87818e+08   -3.54520e+05      0.00000e+00   -1.44486e+07   -5.13086e+06 -1.83896e+08
     4      7    5.88195e+06  1.57956e+13    3.21782e+07   -4.01418e+07   -1.09441e+04      0.00000e+00   -7.27927e+06   -5.30187e+04 -1.53068e+07
     4      8    4.29157e+06  6.62519e+12    1.94583e+07   -1.37599e+07   -1.28544e+04      0.00000e+00   -4.43219e+06   -8.01097e+03  1.24532e+06
     4      9    3.86816e+06  4.10827e+13    3.55760e+07   -1.20829e+06   -1.05484e+06      0.00000e+00   -4.92636e+06   -6.60188e+05  2.77263e+07
     4     10    5.70694e+06  1.31788e+14    4.47294e+07   -1.03731e+05   -4.51543e+06      0.00000e+00   -1.98510e+06   -3.92455e+06  3.42006e+07
     4     11    7.42797e+06  2.04863e+14    3.89519e+07   -1.57487e+05   -2.22102e+06      0.00000e+00   -2.18743e+05   -5.77667e+06  3.05780e+07
     4     12    7.96767e+06  3.02626e+14    5.16997e+07   -2.09678e+05   -1.01597e+06      0.00000e+00    4.76955e+05   -8.20967e+06  4.27413e+07
     5      1    8.22763e+06  4.17696e+14    4.78407e+07   -6.09130e+05   -8.28825e+05      0.00000e+00    1.23537e+06   -1.08460e+07  3.67921e+07
     5      2    8.32136e+06  5.02376e+14    3.34234e+07   -4.77189e+03   -1.02021e+06      0.00000e+00    2.26713e+06   -1.24350e+07  2.22306e+07
     5      3    8.45858e+06  5.77262e+14    4.88917e+07   -6.55993e+05   -2.92660e+06      0.00000e+00    2.06776e+06   -5.05656e+06  4.23203e+07
     5      4    8.45008e+06  6.65183e+14    4.53652e+07   -1.38904e+06   -1.58387e+06      0.00000e+00    5.20502e+04   -1.00015e+07  3.24428e+07
     5      5    7.97628e+06  7.00758e+14    3.98561e+07   -4.45919e+07   -1.03947e+06      0.00000e+00   -1.31003e+07   -8.25793e+06 -2.71334e+07
     5      6    7.14917e+06  3.03561e+14    2.50946e+07   -2.39858e+08   -1.02334e+05      0.00000e+00   -1.20553e+07   -8.47469e+06 -2.35395e+08
     5      7    6.03901e+06  1.61879e+13    1.86282e+07   -2.78744e+07   -1.81782e+03      0.00000e+00   -5.65409e+06    4.01179e+05 -1.45009e+07
     5      8    4.73515e+06  1.18001e+13    3.00364e+07   -1.82087e+07   -6.64538e+04      0.00000e+00   -6.98357e+06   -9.20325e+05  3.85743e+06
     5      9    4.16166e+06  5.01394e+13    3.65655e+07   -3.71161e+06   -6.00175e+05      0.00000e+00   -3.42658e+06   -8.97747e+05  2.79294e+07
     5     10    5.35210e+06  1.29386e+14    3.85708e+07   -1.07066e+05   -1.39388e+06      0.00000e+00   -1.30917e+06   -3.97308e+06  3.17876e+07
     5     11    7.28007e+06  2.20016e+14    4.31502e+07   -5.23411e+03   -1.43145e+06      0.00000e+00    6.93033e+04   -6.67481e+06  3.51080e+07
     5     12    8.12082e+06  3.12742e+14    4.63871e+07   -5.79795e+03   -1.28459e+06      0.00000e+00    9.28656e+05   -7.40283e+06  3.86225e+07
     6      1    8.42806e+06  4.24416e+14    5.23323e+07   -3.81555e+04   -1.31243e+06      0.00000e+00    2.18086e+06   -7.99287e+06  4.51697e+07
     6      2    8.42268e+06  5.32002e+14    5.82815e+07   -4.35142e+05   -5.58641e+06      0.00000e+00    2.77549e+06   -9.22090e+06  4.58146e+07
     6      3    8.37047e+06  6.32460e+14    5.43987e+07   -7.84924e+05   -5.20201e+06      0.00000e+00    1.37583e+06   -1.31685e+07  3.66191e+07
     6      4    8.22136e+06  7.30383e+14    3.84455e+07   -2.92555e+06   -3.59358e+06      0.00000e+00   -5.08976e+05   -1.09840e+07  2.04334e+07
     6      5    7.86270e+06  7.10090e+14    2.79384e+07   -7.75906e+07   -3.64242e+06      0.00000e+00   -1.04022e+07   -7.02437e+06 -7.07212e+07
     6      6    7.12095e+06  3.21224e+14    2.76273e+07   -1.91135e+08   -1.13497e+06      0.00000e+00   -1.64942e+07   -2.70902e+06 -1.83846e+08
     6      7    5.88871e+06  2.15725e+13    3.36196e+07   -5.98883e+07   -2.61023e+04      0.00000e+00   -4.23459e+06    9.47856e+05 -2.95815e+07
     6      8    3.96124e+06  1.06769e+13    2.49187e+07   -1.13956e+07   -6.07647e+05      0.00000e+00   -5.98625e+06   -4.06222e+05  6.52298e+06
     6      9    3.67117e+06  4.52653e+13    2.69581e+07   -7.74205e+05   -1.50084e+06      0.00000e+00   -2.56511e+06   -3.04793e+05  2.18131e+07
     6     10    5.49727e+06  1.14480e+14    3.41497e+07   -1.44133e+05   -1.14215e+06      0.00000e+00   -1.01414e+06   -2.09589e+06  2.97534e+07
     6     11    7.57830e+06  2.10845e+14    5.07198e+07   -7.03677e+04   -1.45994e+06      0.00000e+00    2.80683e+05   -6.65143e+06  4.28188e+07
     6     12    7.84325e+06  3.03545e+14    2.86239e+07   -3.71979e+04   -2.32230e+06      0.00000e+00    1.25314e+06   -6.97480e+06  2.05427e+07
     7      1    8.07273e+06  3.51602e+14    3.02343e+07   -3.46895e+04   -8.08221e+05      0.00000e+00    1.60779e+06   -8.76920e+06  2.22300e+07
     7      2    8.30712e+06  3.99953e+14    2.38003e+07   -8.12315e+02   -1.02920e+06      0.00000e+00    1.69474e+06   -8.60262e+06  1.58624e+07
     7      3    8.48358e+06  4.63673e+14    4.19784e+07   -1.73035e+05   -2.35523e+06      0.00000e+00    1.01444e+06   -7.84849e+06  3.26160e+07
     7      4    8.40834e+06  5.61739e+14    6.05974e+07   -3.01827e+06   -3.63591e+06      0.00000e+00   -1.00326e+06   -1.05021e+07  4.24379e+07
     7      5    7.96797e+06  5.92197e+14    2.93659e+07   -5.34168e+07   -2.20405e+06      0.00000e+00   -1.34982e+07   -6.72021e+06 -4.64733e+07
     7      6    7.21396e+06  2.75113e+14    3.54338e+07   -1.64943e+08   -1.05001e+05      0.00000e+00   -1.94687e+07   -6.86960e+06 -1.55953e+08
     7      7    6.11280e+06  2.72425e+13    2.07622e+07   -4.87458e+07   -7.78570e+03      0.00000e+00   -5.85289e+06   -2.87071e+05 -3.41313e+07
     7      8    4.51391e+06  9.74503e+12    2.17835e+07   -9.87760e+06   -5.66134e+03      0.00000e+00   -5.17581e+06   -1.76595e+05  6.54787e+06
     7      9    4.08605e+06  4.40317e+13    2.65708e+07   -1.50145e+06   -5.65538e+05      0.00000e+00   -4.39722e+06   -7.11899e+05  1.93946e+07
     7     10    5.93693e+06  1.12599e+14    3.34755e+07   -8.07425e+03   -6.71319e+05      0.00000e+00   -1.42812e+06   -2.18142e+06  2.91866e+07
     7     11    7.52176e+06  2.12015e+14    5.30353e+07   -2.45255e+05   -1.27287e+06      0.00000e+00   -4.45726e+05   -5.37674e+06  4.56947e+07
     7     12    7.86806e+06  3.22249e+14    3.97368e+07   -3.48486e+04   -8.18195e+05      0.00000e+00    1.05003e+06   -8.51348e+06  3.14203e+07
     8      1    8.08311e+06  4.05913e+14    5.19485e+07   -9.76914e+04   -5.87198e+05      0.00000e+00    1.84308e+06   -6.18869e+06  4.69180e+07
     8      2    8.38067e+06  5.01642e+14    2.84114e+07   -1.35626e+05   -6.53705e+05      0.00000e+00    2.23159e+06   -7.12494e+06  2.27287e+07
     8      3    8.41032e+06  5.76938e+14    4.35160e+07   -3.02020e+05   -1.09590e+06      0.00000e+00    1.98140e+06   -1.06010e+07  3.34985e+07
     8      4    8.50306e+06  6.36684e+14    2.51348e+07   -5.21717e+05   -1.59082e+06      0.00000e+00   -8.12061e+02   -1.03346e+07  1.26869e+07
     8      5    8.15607e+06  6.53839e+14    3.05440e+07   -3.86927e+07   -7.27638e+05      0.00000e+00   -1.06122e+07   -5.91999e+06 -2.54086e+07
     8      6    7.38791e+06  3.13894e+14    2.25452e+07   -2.06104e+08   -4.10280e+05      0.00000e+00   -1.72182e+07   -5.32920e+06 -2.06517e+08
     8      7    6.04300e+06  1.35585e+13    2.50189e+07   -3.61564e+07   -6.47130e+03      0.00000e+00   -6.44623e+06    6.23370e+05 -1.69668e+07
     8      8    4.58387e+06  6.66648e+12    2.32635e+07   -1.20938e+07   -1.79796e+03      0.00000e+00   -5.06358e+06   -4.83099e+05  5.62128e+06
     8      9    4.12868e+06  4.71067e+13    2.86509e+07   -1.56878e+06   -8.51604e+04      0.00000e+00   -4.29046e+06   -1.38007e+06  2.13264e+07
     8     10    5.64325e+06  1.29945e+14    4.65793e+07   -4.83593e+05   -2.78457e+06      0.00000e+00   -1.57942e+06   -3.71131e+06  3.80204e+07
     8     11    7.35578e+06  2.06909e+14    2.83816e+07   -1.42835e+02   -4.72182e+05      0.00000e+00   -2.97211e+05   -4.99991e+06  2.26122e+07
     8     12    8.05318e+06  2.70584e+14    3.28839e+07   -7.64612e+00   -6.44229e+05      0.00000e+00    4.54252e+05   -4.89730e+06  2.77966e+07
     9      1    8.31194e+06  3.49062e+14    3.92496e+07   -1.01012e+05   -8.83334e+05      0.00000e+00    1.49779e+06   -8.91760e+06  3.08454e+07
     9      2    8.42590e+06  4.40683e+14    4.86044e+07   -5.00834e+05   -2.05886e+06      0.00000e+00    1.87808e+06   -7.29312e+06  4.06297e+07
     9      3    8.43286e+06  5.40400e+14    4.78910e+07   -7.83462e+05   -3.89879e+06      0.00000e+00    1.55065e+06   -1.24035e+07  3.23560e+07
     9      4    8.32346e+06  6.17323e+14    4.12378e+07   -2.06508e+06   -4.44900e+06      0.00000e+00    3.55206e+05   -1.09406e+07  2.41383e+07
     9      5    7.94695e+06  6.28217e+14    3.14485e+07   -2.06065e+07   -3.77415e+06      0.00000e+00   -1.29863e+07   -9.08046e+06 -1.49989e+07
     9      6    7.11130e+06  3.69245e+14    2.64182e+07   -1.97040e+08   -2.20464e+06      0.00000e+00   -1.79000e+07   -1.13052e+07 -2.02032e+08
     9      7    5.85584e+06  2.96508e+13    2.03242e+07   -4.41204e+07   -9.37031e+04      0.00000e+00   -4.95175e+06    3.23185e+05 -2.85184e+07
     9      8    4.66271e+06  6.54422e+12    1.15299e+07   -6.00265e+06   -1.76348e+04      0.00000e+00   -4.46643e+06   -1.10658e+04  1.03207e+06
     9      9    4.40491e+06  3.29481e+13    3.42368e+07   -2.18439e+06   -4.01201e+05      0.00000e+00   -4.18736e+06   -7.19850e+05  2.67440e+07
     9     10    5.84706e+06  1.14164e+14    3.02107e+07   -7.74335e+04   -9.82687e+05      0.00000e+00   -5.56266e+05   -3.12205e+06  2.54723e+07
     9     11    7.77604e+06  1.94748e+14    4.44301e+07   -1.15779e+03   -9.33257e+05      0.00000e+00   -1.26399e+06   -5.37052e+06  3.68612e+07
     9     12    8.53218e+06  3.13260e+14    5.61322e+07   -1.59562e+05   -1.54322e+06      0.00000e+00    9.00386e+05   -8.41475e+06  4.69150e+07
    10      1    8.60527e+06  4.24045e+14    4.36931e+07   -2.06148e+04   -1.39167e+06      0.00000e+00    1.61250e+06   -8.73090e+06  3.51624e+07
    10      2    8.50476e+06  5.07528e+14    3.20113e+07   -1.17242e+04   -1.32464e+06      0.00000e+00    2.64587e+06   -8.16828e+06  2.51525e+07
    10      3    8.55077e+06  5.86400e+14    5.14602e+07   -1.02487e+06   -2.22329e+06      0.00000e+00    1.75031e+06   -1.06318e+07  3.93306e+07
    10      4    8.38202e+06  6.82661e+14    5.59963e+07   -4.29421e+06   -5.73646e+06      0.00000e+00    8.37187e+05   -1.60559e+07  3.07469e+07
    10      5    7.98168e+06  6.71394e+14    2.53869e+07   -8.66027e+07   -2.60629e+06      0.00000e+00   -9.65254e+06   -4.41741e+06 -7.78921e+07
    10      6    7.20264e+06  2.55080e+14    1.94629e+07   -1.78812e+08   -2.45052e+06      0.00000e+00   -1.61539e+07   -4.51020e+06 -1.82464e+08
    10      7    5.98799e+06  1.14351e+13    3.10653e+07   -3.77210e+07   -1.29685e+04      0.00000e+00   -5.60818e+06    3.74475e+05 -1.19024e+07
    10      8    4.56166e+06  5.18878e+12    2.34886e+07   -1.47547e+07   -1.30694e+04      0.00000e+00   -4.72402e+06   -1.65257e+05  3.83156e+06
    10      9    4.05810e+06  5.49189e+13    4.50357e+07   -2.99193e+06   -1.23725e+06      0.00000e+00   -4.28245e+06   -1.10230e+06  3.54218e+07
    10     10    5.97846e+06  1.82281e+14    6.53303e+07   -1.25785e+05   -2.75348e+06      0.00000e+00   -3.59292e+05   -6.35074e+06  5.57410e+07
    10     11    7.48495e+06  2.95529e+14    4.34366e+07   -1.41342e+05   -1.68044e+06      0.00000e+00   -1.72574e+05   -7.83251e+06  3.36097e+07
    10     12    8.32357e+06  3.97141e+14    4.58654e+07   -1.96348e+03   -1.62856e+06      0.00000e+00   -1.82972e+05   -8.07588e+06  3.59761e+07
    11      1    8.59806e+06  4.81798e+14    5.22056e+07   -4.33864e+05   -3.31449e+06      0.00000e+00    1.57332e+06   -1.10258e+07  3.90047e+07
    11      2    8.59239e+06  5.95053e+14    5.35660e+07   -8.19611e+05   -2.77195e+06      0.00000e+00    2.57399e+06   -8.15385e+06  4.43946e+07
    11      3    8.51854e+06  6.92538e+14    5.12359e+07   -8.32891e+05   -5.58537e+06      0.00000e+00    1.01041e+06   -1.38995e+07  3.19285e+07
    11      4    8.56017e+06  7.57966e+14    2.92313e+07   -1.01613e+06   -3.19101e+06      0.00000e+00    4.11772e+05   -8.88008e+06  1.65558e+07
    11      5    8.20628e+06  7.15358e+14    4.15574e+07   -7.94162e+07   -4.97368e+06      0.00000e+00   -1.03203e+07   -1.01944e+07 -6.33472e+07
    11      6    7.38624e+06  3.44578e+14    2.55263e+07   -2.12119e+08   -3.30847e+05      0.00000e+00   -1.63122e+07   -6.64167e+06 -2.09878e+08
    11      7    6.25938e+06  1.86483e+13    2.81693e+07   -4.34815e+07   -9.28939e+03      0.00000e+00   -7.81420e+06    1.18493e+06 -2.19508e+07
    11      8    4.68972e+06  1.29268e+13    2.82445e+07   -1.15017e+07   -1.86230e+05      0.00000e+00   -7.05423e+06    2.01141e+04  9.52245e+06
    11      9    4.07383e+06  6.01490e+13    3.75336e+07   -1.99225e+06   -1.80470e+06      0.00000e+00   -5.38005e+06   -1.27102e+06  2.70856e+07
    11     10    5.91451e+06  1.61922e+14    6.05598e+07   -1.87275e+05   -5.78424e+06      0.00000e+00   -1.91128e+06   -5.96068e+06  4.67163e+07
    11     11    7.61410e+06  2.76897e+14    4.55289e+07   -3.63910e+04   -2.25488e+06      0.00000e+00   -3.44963e+05   -7.46779e+06  3.54249e+07
    11     12    8.07303e+06  3.56113e+14    2.80419e+07   -5.29772e+03   -7.10554e+05      0.00000e+00    1.45815e+06   -7.24908e+06  2.15351e+07
    12      1    8.40229e+06  4.09526e+14    2.94174e+07   -5.02830e-07   -2.42073e+05      0.00000e+00    1.18585e+06   -5.34243e+06  2.50188e+07
    12      2    8.48773e+06  4.96543e+14    5.50591e+07   -2.87559e+04   -2.31724e+06      0.00000e+00    2.35824e+06   -1.04398e+07  4.46315e+07
    12      3    8.51097e+06  6.01232e+14    4.66485e+07   -1.75686e+05   -4.81000e+06      0.00000e+00    2.07200e+06   -1.13222e+07  3.24127e+07
    12      4    8.56398e+06  6.87656e+14    4.71198e+07   -6.52707e+05   -6.08802e+06      0.00000e+00    7.69078e+04   -8.18654e+06  3.22694e+07
    12      5    8.03886e+06  6.75614e+14    3.42934e+07   -8.15958e+07   -1.94049e+06      0.00000e+00   -1.62244e+07   -7.35088e+06 -7.28182e+07
    12      6    7.19938e+06  2.51307e+14    2.51097e+07   -1.87138e+08   -1.34818e+06      0.00000e+00   -1.73497e+07   -4.29478e+06 -1.85021e+08
    12      7    5.92847e+06  1.44082e+13    2.92057e+07   -4.01562e+07   -2.82190e+04      0.00000e+00   -5.64208e+06    3.11071e+05 -1.63097e+07
    12      8    4.24244e+06  8.17540e+12    2.15931e+07   -1.32549e+07   -1.17575e+05      0.00000e+00   -6.08867e+06   -9.31414e+04  2.03878e+06
    12      9    3.95675e+06  3.67981e+13    2.48090e+07   -1.15078e+06   -1.75261e+05      0.00000e+00   -3.72471e+06   -5.25981e+05  1.92323e+07
    12     10    5.54110e+06  1.18010e+14    5.08060e+07   -1.30661e+05   -2.22465e+06      0.00000e+00   -1.05423e+06   -2.85905e+06  4.45374e+07
    12     11    7.54056e+06  2.24918e+14    4.69444e+07   -2.51920e+05   -1.51966e+06      0.00000e+00   -5.02132e+04   -6.04481e+06  3.90778e+07
    12     12    8.16099e+06  3.37988e+14    4.82987e+07   -3.22436e+04   -8.24312e+05      0.00000e+00    3.57415e+05   -7.78898e+06  4.00106e+07
    13      1    8.55733e+06  4.35353e+14    5.52354e+07   -2.25398e+05   -1.99667e+06      0.00000e+00    5.88186e+05   -1.13094e+07  4.22921e+07
    13      2    8.67917e+06  5.47779e+14    4.50510e+07   -6.30297e+04   -2.31657e+06      0.00000e+00    1.70560e+06   -9.44017e+06  3.49368e+07
    13      3    8.73040e+06  6.28241e+14    3.48548e+07   -1.12312e+04   -3.64846e+06      0.00000e+00    2.53592e+06   -6.59973e+06  2.71313e+07
    13      4    8.68113e+06  7.01202e+14    3.91572e+07   -1.81318e+06   -2.16263e+06      0.00000e+00    7.58840e+05   -6.36292e+06  2.95773e+07
    13      5    8.23168e+06  6.87474e+14    3.68855e+07   -8.29624e+07   -2.30515e+05      0.00000e+00   -1.33803e+07   -9.36022e+06 -6.90480e+07
    13      6    7.38936e+06  3.31465e+14    3.54729e+07   -1.87799e+08   -8.00974e+04      0.00000e+00   -2.03277e+07   -2.76121e+06 -1.75495e+08
    13      7    6.15101e+06  2.98212e+13    2.16495e+07   -4.89841e+07   -1.03592e+04      0.00000e+00   -6.22643e+06    6.17692e+05 -3.29537e+07
    13      8    4.45989e+06  6.09530e+12    1.61841e+07   -1.00599e+07   -2.76883e+04      0.00000e+00   -3.99175e+06   -6.01033e+04  2.04470e+06
    13      9    4.11711e+06  3.95971e+13    2.96286e+07   -2.52993e+06   -6.12574e+05      0.00000e+00   -3.38466e+06   -1.65833e+05  2.29356e+07
    13     10    6.03641e+06  1.20199e+14    4.72199e+07   -7.68180e+05   -1.49669e+06      0.00000e+00   -3.67709e+05   -2.88397e+06  4.17033e+07
    13     11    7.49359e+06  2.09511e+14    2.81069e+07   -5.29761e+05   -1.41168e+05      0.00000e+00    3.18254e+05   -4.07337e+06  2.36809e+07
    13     12    8.20390e+06  2.77964e+14    4.38284e+07   -8.72423e+04   -9.53730e+05      0.00000e+00    2.89675e+05   -6.08767e+06  3.69894e+07
    14      1    8.43030e+06  3.93442e+14    4.91944e+07   -1.77402e+06   -9.86744e+05      0.00000e+00    4.71043e+05   -9.74120e+06  3.71635e+07
    14      2    8.51031e+06  4.80417e+14    3.96641e+07   -6.21903e+04   -1.14435e+06      0.00000e+00    3.19834e+06   -6.06580e+06  3.55901e+07
    14      3    8.51540e+06  5.58385e+14    3.78082e+07   -4.21427e+05   -1.93118e+06      0.00000e+00    2.54467e+06   -1.18313e+07  2.61689e+07
    14      4    8.22211e+06  6.31109e+14    4.88947e+07   -3.24954e+06   -7.41216e+06      0.00000e+00   -1.41219e+05   -1.79022e+07  2.01896e+07
    14      5    7.71584e+06  6.31646e+14    2.91715e+07   -3.72122e+07   -5.34557e+06      0.00000e+00   -9.40534e+06   -9.79964e+06 -3.25913e+07
    14      6    6.94261e+06  3.06616e+14    2.52860e+07   -1.91775e+08   -1.26898e+06      0.00000e+00   -1.83012e+07   -5.11151e+06 -1.91171e+08
    14      7    5.95764e+06  2.40761e+13    4.34280e+07   -6.00547e+07   -6.34664e+03      0.00000e+00   -7.93152e+06    8.32463e+05 -2.37321e+07
    14      8    4.66114e+06  1.66683e+13    3.72096e+07   -2.08456e+07   -2.30569e+04      0.00000e+00   -7.48262e+06   -1.01319e+05  8.75697e+06
    14      9    4.40605e+06  6.83737e+13    4.44941e+07   -1.55952e+06   -2.57852e+06      0.00000e+00   -3.28552e+06   -3.00120e+06  3.40693e+07
    14     10    6.20483e+06  1.68316e+14    4.71922e+07   -6.25027e+05   -1.71237e+06      0.00000e+00   -1.03897e+06   -4.93167e+06  3.88841e+07
    14     11    7.63412e+06  2.72366e+14    3.89206e+07   -3.92386e+05   -1.81464e+06      0.00000e+00    8.45567e+05   -5.16704e+06  3.23921e+07
    14     12    8.05071e+06  3.40619e+14    3.28337e+07   -7.28846e+02   -9.82133e+05      0.00000e+00    3.78015e+05   -8.45341e+06  2.37755e+07
    15      1    8.52770e+06  4.28139e+14    5.16114e+07   -2.68322e+05   -1.83709e+06      0.00000e+00    1.37450e+06   -1.29909e+07  3.78895e+07
    15      2    8.61709e+06  5.18212e+14    3.63383e+07   -5.19631e+04   -3.72443e+06      0.00000e+00    2.65485e+06   -1.57026e+07  1.95142e+07
    15      3    8.66580e+06  6.07717e+14    6.46555e+07   -3.98007e+05   -5.00924e+06      0.00000e+00    1.86066e+06   -8.85778e+06  5.22511e+07
    15      4    8.57213e+06  7.16512e+14    5.06365e+07   -2.16152e+06   -5.51886e+06      0.00000e+00   -4.46154e+05   -1.15452e+07  3.09647e+07
    15      5    8.17525e+06  7.04957e+14    4.30486e+07   -9.23034e+07   -2.34457e+06      0.00000e+00   -1.22777e+07   -8.19837e+06 -7.20754e+07
    15      6    7.27330e+06  2.36800e+14    3.15753e+07   -2.13230e+08   -1.99950e+05      0.00000e+00   -1.30836e+07   -4.80604e+06 -1.99744e+08
    15      7    5.81718e+06  1.80142e+13    2.79918e+07   -3.54969e+07   -1.15922e+04      0.00000e+00   -6.14797e+06   -4.30096e+05 -1.40948e+07
    15      8    4.05823e+06  9.46184e+12    1.82278e+07   -1.30447e+07   -4.33114e+04      0.00000e+00   -3.07233e+06   -2.46375e+05  1.82109e+06
    15      9    3.52530e+06  4.35400e+13    3.12530e+07   -1.89267e+06   -7.77959e+05      0.00000e+00   -3.70682e+06   -8.42570e+05  2.40330e+07
    15     10    5.24430e+06  1.05082e+14    3.55083e+07   -4.88693e+04   -1.02921e+06      0.00000e+00   -2.21460e+06   -3.79787e+06  2.84177e+07
    15     11    6.72599e+06  2.16836e+14    5.74226e+07   -3.93883e+05   -3.98659e+06      0.00000e+00   -8.36772e+03   -8.03818e+06  4.49956e+07
    15     12    7.87003e+06  2.97936e+14    3.61938e+07   -5.76893e+04   -2.10590e+06      0.00000e+00   -5.87360e+05   -7.11953e+06  2.63233e+07
    16      1    8.52580e+06  3.95199e+14    4.80406e+07   -2.23550e+05   -1.96163e+06      0.00000e+00    1.13892e+06   -7.69929e+06  3.92950e+07
    16      2    8.57599e+06  4.87513e+14    5.00714e+07   -2.24607e+04   -3.04112e+06      0.00000e+00    2.15596e+06   -8.53798e+06  4.06258e+07
    16      3    8.70807e+06  5.70508e+14    2.89895e+07   -8.00181e+04   -2.11884e+06      0.00000e+00    1.91431e+06   -6.70255e+06  2.20024e+07
    16      4    8.67578e+06  6.38630e+14    4.50742e+07   -9.30549e+06   -1.06282e+06      0.00000e+00   -3.33758e+05   -7.47942e+06  2.68927e+07
    16      5    8.19961e+06  6.50423e+14    3.11416e+07   -4.94376e+07   -2.67360e+05      0.00000e+00   -1.13661e+07   -3.98873e+06 -3.39182e+07
    16      6    7.45953e+06  2.52159e+14    1.82927e+07   -1.98486e+08   -1.00625e+05      0.00000e+00   -1.82000e+07   -3.98457e+06 -2.02479e+08
    16      7    6.24270e+06  1.26114e+13    3.71551e+07   -4.06010e+07   -1.55301e+05      0.00000e+00   -8.07868e+06    1.10068e+06 -1.05792e+07
    16      8    4.37355e+06  1.05314e+13    2.95554e+07   -1.33749e+07   -2.54773e+05      0.00000e+00   -5.72377e+06    1.38112e+05  1.03401e+07
    16      9    3.95687e+06  7.26260e+13    3.75033e+07   -2.09319e+06   -2.82315e+06      0.00000e+00   -3.68091e+06   -1.34534e+06  2.75607e+07
    16     10    6.26769e+06  1.40537e+14    3.50145e+07   -1.64492e+05   -1.74767e+06      0.00000e+00   -2.48506e+06   -3.54572e+06  2.70716e+07
    16     11    7.66880e+06  2.47985e+14    6.24218e+07   -4.87932e+04   -1.21819e+06      0.00000e+00   -3.37661e+05   -5.47402e+06  5.53431e+07
    16     12    8.09994e+06  3.68912e+14    3.32799e+07   -1.36380e+05   -8.39601e+05      0.00000e+00    1.18798e+06   -5.29500e+06  2.81969e+07
    17      1    8.60408e+06  4.40755e+14    4.66954e+07   -2.56772e+04   -1.03491e+06      0.00000e+00    1.56938e+06   -8.71428e+06  3.84899e+07
    17      2    8.60128e+06  5.40900e+14    4.92790e+07   -1.41107e+05   -1.72664e+06      0.00000e+00    2.92420e+06   -7.58610e+06  4.27494e+07
    17      3    8.57428e+06  6.36277e+14    3.64868e+07   -2.68745e+04   -6.05193e+05      0.00000e+00    2.09998e+06   -8.47003e+06  2.94847e+07
    17      4    8.62058e+06  7.32300e+14    5.42329e+07   -2.13264e+06   -4.74754e+06      0.00000e+00   -8.92969e+05   -8.22058e+06  3.82392e+07
    17      5    8.21568e+06  7.75335e+14    3.58028e+07   -4.50245e+07   -3.48050e+06      0.00000e+00   -9.01936e+06   -6.75773e+06 -2.84793e+07
    17      6    7.43782e+06  3.88143e+14    3.37229e+07   -2.26113e+08   -1.76223e+06      0.00000e+00   -1.91436e+07   -7.95059e+06 -2.21247e+08
    17      7    6.36916e+06  3.01785e+13    2.75181e+07   -7.01915e+07   -2.19355e+03      0.00000e+00   -5.70459e+06    8.83221e+05 -4.74969e+07
    17      8    4.94573e+06  1.09651e+13    2.20804e+07   -7.72923e+06   -7.15533e+04      0.00000e+00   -5.85915e+06    6.35611e+04  8.48403e+06
    17      9    4.60479e+06  6.98370e+13    4.96394e+07   -3.54159e+06   -3.32560e+06      0.00000e+00   -3.67774e+06   -1.16086e+06  3.79337e+07
    17     10    6.24367e+06  1.80666e+14    5.30796e+07   -1.16569e+05   -3.82484e+06      0.00000e+00   -9.32105e+05   -5.47726e+06  4.27288e+07
    17     11    7.56607e+06  2.87670e+14    4.69610e+07   -6.38269e+03   -3.01276e+06      0.00000e+00    4.22488e+05   -7.35509e+06  3.70092e+07
    17     12    8.24447e+06  3.80400e+14    4.28854e+07   -6.00142e+04   -1.05754e+06      0.00000e+00    1.19770e+06   -9.80306e+06  3.31625e+07
    18      1    8.39494e+06  4.67225e+14    5.27187e+07   -5.86905e+03   -1.13320e+06      0.00000e+00    1.19858e+06   -1.40519e+07  3.87263e+07
    18      2    8.62172e+06  5.58413e+14    4.62937e+07   -1.65659e+05   -3.05817e+06      0.00000e+00    1.16802e+06   -1.70789e+07  2.71590e+07
    18      3    8.66179e+06  6.67785e+14    6.99016e+07   -5.45629e+05   -2.08768e+06      0.00000e+00    1.44726e+06   -1.19087e+07  5.68069e+07
    18      4    8.57981e+06  7.82389e+14    5.00099e+07   -5.91177e+06   -4.06630e+06      0.00000e+00   -5.49028e+05   -1.61118e+07  2.33710e+07
    18      5    8.09060e+06  7.79998e+14    4.22854e+07   -4.98488e+07   -1.13639e+06      0.00000e+00   -1.48546e+07   -8.62256e+06 -3.21769e+07
    18      6    7.21323e+06  3.88526e+14    3.21776e+07   -2.53091e+08   -1.45598e+06      0.00000e+00   -1.88498e+07   -8.60520e+06 -2.49825e+08
    18      7    5.92799e+06  1.98271e+13    1.40475e+07   -3.54776e+07   -2.98968e+04      0.00000e+00   -4.83040e+06    1.15213e+06 -2.51383e+07
    18      8    4.44930e+06  1.34077e+13    2.26793e+07   -7.07548e+06   -3.93010e+05      0.00000e+00   -6.05934e+06    2.98569e+05  9.45000e+06
    18      9    4.01334e+06  6.00866e+13    3.19235e+07   -3.13615e+06   -1.24620e+06      0.00000e+00   -4.25075e+06    1.86584e+05  2.34770e+07
    18     10    5.84132e+06  1.33532e+14    4.49079e+07   -1.02038e+06   -2.46543e+06      0.00000e+00   -1.71638e+06   -4.08567e+06  3.56200e+07
    18     11    7.35928e+06  2.37118e+14    4.46433e+07   -2.49251e+05   -1.20336e+06      0.00000e+00    2.21971e+05   -6.71076e+06  3.67019e+07
    18     12    8.04610e+06  3.30557e+14    3.91018e+07   -1.64844e+05   -2.20888e+06      0.00000e+00    1.59570e+06   -7.92804e+06  3.03958e+07
    19      1    8.53173e+06  4.07258e+14    4.81843e+07   -3.51509e+03   -3.59334e+06      0.00000e+00    1.40273e+06   -9.84204e+06  3.61481e+07
    19      2    8.66028e+06  5.20971e+14    6.43895e+07   -3.42541e+04   -4.73992e+06      0.00000e+00    3.13715e+06   -1.74623e+07  4.52902e+07
    19      3    8.59940e+06  6.28948e+14    6.68619e+07   -2.74169e+06   -4.63762e+06      0.00000e+00    1.75845e+06   -1.30895e+07  4.81515e+07
    19      4    8.50196e+06  7.56523e+14    7.12369e+07   -5.44828e+06   -8.04439e+06      0.00000e+00   -1.51051e+06   -1.94353e+07  3.67984e+07
    19      5    7.96559e+06  7.87376e+14    3.79099e+07   -3.79640e+07   -3.89614e+06      0.00000e+00   -1.13521e+07   -8.22284e+06 -2.35252e+07
    19      6    6.90814e+06  4.35130e+14    2.61279e+07   -2.39896e+08   -9.83018e+05      0.00000e+00   -1.75117e+07   -9.10508e+06 -2.41368e+08
    19      7    5.48598e+06  4.04984e+13    1.96658e+07   -5.03781e+07   -2.30323e+04      0.00000e+00   -7.66610e+06   -4.71331e+05 -3.88728e+07
    19      8    4.03824e+06  1.49355e+13    2.61777e+07   -1.32114e+07   -5.99360e+04      0.00000e+00   -6.32976e+06   -5.49876e+04  6.52156e+06
    19      9    3.88389e+06  6.03104e+13    3.73326e+07   -1.83980e+06   -1.33670e+06      0.00000e+00   -3.66241e+06   -6.99999e+05  2.97937e+07
    19     10    5.39872e+06  1.38181e+14    3.49392e+07   -1.48901e+05   -2.06065e+06      0.00000e+00   -3.14391e+05   -3.39650e+06  2.90187e+07
    19     11    7.32391e+06  2.17803e+14    3.60348e+07   -1.85468e+05   -8.42918e+05      0.00000e+00   -1.55150e+06   -2.15644e+06  3.12985e+07
    19     12    8.30725e+06  3.16998e+14    4.86515e+07   -9.69547e+03   -3.63591e+05      0.00000e+00    1.22530e+04   -6.58739e+06  4.17031e+07
    20      1    8.64341e+06  4.30397e+14    4.75957e+07   -1.16157e+06   -2.18870e+05      0.00000e+00    1.59178e+06   -6.27099e+06  4.15361e+07
    20      2    8.66971e+06  5.23817e+14    3.84014e+07   -5.35151e+04   -4.60372e+05      0.00000e+00    2.34246e+06   -7.86050e+06  3.23694e+07
    20      3    8.61096e+06  5.93712e+14    3.54039e+07   -1.13924e+05   -7.33791e+05      0.00000e+00    1.40996e+06   -1.01208e+07  2.58453e+07
    20      4    8.53502e+06  6.78880e+14    4.54854e+07   -5.68319e+06   -1.33359e+06      0.00000e+00    4.63443e+05   -1.37810e+07  2.51511e+07
    20      5    8.04320e+06  6.73288e+14    4.21799e+07   -6.77567e+07   -3.95846e+05      0.00000e+00   -1.21804e+07   -9.37516e+06 -4.75283e+07
    20      6    7.24380e+06  3.27182e+14    2.78706e+07   -1.90958e+08   -4.02819e+04      0.00000e+00   -1.58230e+07   -4.35692e+06 -1.83307e+08
    20      7    5.99120e+06  2.80245e+13    3.27180e+07   -5.61676e+07   -2.82151e+04      0.00000e+00   -7.03717e+06   -5.03469e+04 -3.05653e+07
    20      8    4.28137e+06  1.07825e+13    2.33182e+07   -1.54903e+07   -2.60786e+05      0.00000e+00   -5.96040e+06    5.27344e+04  1.65937e+06
    20      9    3.91058e+06  2.64282e+13    2.20027e+07   -8.35322e+05   -2.50523e+05      0.00000e+00   -5.24938e+06   -6.68277e+05  1.49992e+07
    20     10    5.84590e+06  1.06417e+14    4.39125e+07   -2.07288e+04   -1.03608e+06      0.00000e+00   -7.90815e+05   -2.64374e+06  3.94211e+07
    20     11    7.47185e+06  2.15047e+14    4.74042e+07   -2.69717e+04   -3.63686e+06      0.00000e+00   -3.25371e+05   -6.14381e+06  3.72712e+07
    20     12    8.18290e+06  3.25817e+14    5.09115e+07   -3.25770e+05   -1.85700e+06      0.00000e+00   -6.63544e+04   -6.64204e+06  4.20203e+07
    21      1    8.48188e+06  4.20962e+14    3.93504e+07   -3.18491e+05   -1.24344e+06      0.00000e+00    1.78463e+06   -6.50529e+06  3.30678e+07
    21      2    8.61643e+06  5.20965e+14    6.40164e+07   -5.98190e+05   -2.56663e+06      0.00000e+00    2.22260e+06   -9.37203e+06  5.37021e+07
    21      3    8.64578e+06  6.28141e+14    5.04095e+07   -6.15862e+05   -4.42403e+06      0.00000e+00    1.69465e+06   -9.29928e+06  3.77650e+07
    21      4    8.49804e+06  7.37433e+14    6.04183e+07   -2.66805e+06   -6.10026e+06      0.00000e+00    4.21315e+05   -1.43890e+07  3.76823e+07
    21      5    8.00680e+06  7.86809e+14    5.08601e+07   -6.86712e+07   -1.41345e+06      0.00000e+00   -1.03969e+07   -5.13563e+06 -3.47571e+07
    21      6    7.22222e+06  3.42722e+14    2.56252e+07   -2.44037e+08   -1.58218e+05      0.00000e+00   -1.59710e+07   -4.85259e+06 -2.39393e+08
    21      7    5.99562e+06  2.30647e+13    3.13900e+07   -4.60849e+07   -1.79215e+04      0.00000e+00   -6.73301e+06    2.90228e+05 -2.11556e+07
    21      8    4.36982e+06  8.48422e+12    2.27035e+07   -1.18274e+07   -3.17183e+04      0.00000e+00   -5.64053e+06    1.60676e+05  5.36444e+06
    21      9    3.91032e+06  4.81656e+13    2.87291e+07   -1.15191e+06   -6.82778e+05      0.00000e+00   -3.86679e+06   -6.70967e+05  2.23566e+07
    21     10    6.12480e+06  1.28367e+14    4.23177e+07   -1.16462e+04   -1.42496e+06      0.00000e+00   -1.66661e+06   -1.98680e+06  3.72277e+07
    21     11    7.79311e+06  2.28282e+14    4.13074e+07   -1.09119e+03   -2.08354e+06      0.00000e+00   -4.43200e+05   -4.04500e+06  3.47345e+07
    21     12    8.48974e+06  3.14565e+14    4.65959e+07   -1.97144e+04   -7.46497e+05      0.00000e+00    4.73988e+05   -8.73873e+06  3.75650e+07
    22      1    8.64002e+06  4.06829e+14    4.64760e+07   -1.43238e+06   -1.32910e+06      0.00000e+00    4.21474e+05   -9.13794e+06  3.49980e+07
    22      2    8.68145e+06  5.16465e+14    5.26184e+07   -5.91569e+03   -1.49717e+06      0.00000e+00    1.78676e+06   -1.02766e+07  4.26255e+07
    22      3    8.65539e+06  6.22562e+14    4.26899e+07   -3.91393e+05   -2.00224e+06      0.00000e+00    3.26336e+06   -7.04131e+06  3.65184e+07
    22      4    8.64687e+06  6.88391e+14    2.80045e+07   -2.90305e+06   -1.23636e+06      0.00000e+00    1.81128e+05   -4.26088e+06  1.97854e+07
    22      5    8.21057e+06  6.55583e+14    3.09966e+07   -8.54113e+07   -1.20666e+06      0.00000e+00   -1.19916e+07   -1.05894e+07 -7.82024e+07
    22      6    7.38886e+06  2.28098e+14    1.61103e+07   -1.81615e+08   -1.41263e+05      0.00000e+00   -1.28253e+07   -5.11141e+06 -1.83583e+08
    22      7    6.16964e+06  1.27770e+13    9.88607e+06   -1.78976e+07   -5.92739e+03      0.00000e+00   -5.04810e+06    3.30596e+05 -1.27350e+07
    22      8    4.84405e+06  9.66499e+12    2.98381e+07   -1.55936e+07   -1.23295e+05      0.00000e+00   -6.01574e+06    4.13991e+05  8.51944e+06
    22      9    4.31821e+06  5.22399e+13    3.78858e+07   -2.97093e+06   -3.07908e+05      0.00000e+00   -5.75782e+06   -1.25482e+06  2.75943e+07
    22     10    6.04741e+06  1.39684e+14    4.17971e+07   -8.47605e+04   -3.27974e+06      0.00000e+00   -4.81271e+05   -3.58082e+06  3.43705e+07
    22     11    7.43048e+06  2.22515e+14    3.83483e+07   -3.50816e+04   -8.44541e+05      0.00000e+00    3.56744e+05   -6.60414e+06  3.12213e+07
    22     12    8.31070e+06  3.16249e+14    3.78742e+07   -2.26327e+03   -1.35564e+06      0.00000e+00    3.27364e+05   -1.08513e+07  2.59924e+07
    23      1    8.65837e+06  3.82557e+14    2.89967e+07   -1.47980e+05   -1.23060e+06      0.00000e+00    1.72602e+06   -4.51886e+06  2.48253e+07
    23      2    8.73485e+06  4.45128e+14    3.48307e+07   -5.22929e-07   -1.36361e+06      0.00000e+00    1.96444e+06   -4.85135e+06  3.05801e+07
    23      3    8.72417e+06  5.27362e+14    5.29683e+07   -4.13686e+05   -2.61398e+06      0.00000e+00    2.69875e+06   -1.35455e+07  3.90939e+07
    23      4    8.60844e+06  6.44201e+14    4.20448e+07   -2.08906e+06   -1.04596e+06      0.00000e+00    7.96812e+05   -6.70006e+06  3.30066e+07
    23      5    8.33053e+06  6.67606e+14    4.22699e+07   -5.41343e+07   -1.57555e+06      0.00000e+00   -1.21298e+07   -4.80286e+06 -3.03726e+07
    23      6    7.56978e+06  3.85795e+14    2.77919e+07   -1.63341e+08   -1.45544e+04      0.00000e+00   -1.89585e+07   -4.62540e+06 -1.59148e+08
    23      7    6.33558e+06  4.64785e+13    2.04308e+07   -7.54887e+07   -3.17404e+02      0.00000e+00   -5.79643e+06    1.49063e+06 -5.93640e+07
    23      8    5.12271e+06  1.22451e+13    2.58069e+07   -1.33995e+07   -4.11760e+03      0.00000e+00   -6.75941e+06    7.03886e+04  5.71434e+06
    23      9    4.90649e+06  6.02107e+13    5.23191e+07   -6.20083e+06   -1.23598e+06      0.00000e+00   -4.47936e+06   -8.72352e+05  3.95306e+07
    23     10    6.25912e+06  1.63387e+14    4.62327e+07   -9.52291e+05   -1.21968e+06      0.00000e+00    5.91776e+04   -4.16057e+06  3.99593e+07
    23     11    7.45795e+06  2.76210e+14    3.86701e+07   -6.13520e+02   -9.64255e+05      0.00000e+00    4.65614e+05   -7.20336e+06  3.09675e+07
    23     12    8.27793e+06  3.77632e+14    6.38739e+07   -2.12046e+04   -1.83004e+06      0.00000e+00    4.08140e+05   -8.21464e+06  5.42162e+07
    24      1    8.55852e+06  5.11306e+14    5.48899e+07   -9.32430e+03   -2.73328e+06      0.00000e+00    1.52219e+06   -9.85557e+06  4.38139e+07
    24      2    8.62667e+06  6.45874e+14    7.15411e+07   -4.24310e+05   -5.83226e+06      0.00000e+00    2.02244e+06   -1.44108e+07  5.28961e+07
    24      3    8.50319e+06  7.87579e+14    7.07753e+07   -3.15384e+06   -4.71299e+06      0.00000e+00    1.88401e+06   -1.33125e+07  5.14800e+07
    24      4    8.44947e+06  8.75696e+14    3.26837e+07   -2.93580e+06   -1.06480e+06      0.00000e+00   -1.64138e+05   -7.76225e+06  2.07567e+07
    24      5    7.94023e+06  8.57112e+14    3.22676e+07   -5.43894e+07   -6.96317e+05      0.00000e+00   -1.26309e+07   -9.49114e+06 -4.49401e+07
    24      6    7.29225e+06  4.45865e+14    3.57080e+07   -2.61138e+08   -5.00928e+05      0.00000e+00   -1.69428e+07   -9.02946e+06 -2.51904e+08
    24      7    6.18671e+06  4.35691e+13    2.63294e+07   -6.47310e+07   -1.75253e+04      0.00000e+00   -6.95167e+06   -2.22844e+05 -4.55936e+07
    24      8    4.69443e+06  1.48959e+13    2.98091e+07   -1.17378e+07   -2.63097e+05      0.00000e+00   -5.52583e+06    1.05172e+05  1.23875e+07
    24      9    4.39856e+06  6.57209e+13    3.53266e+07   -1.70277e+06   -6.31915e+05      0.00000e+00   -4.16526e+06   -6.55978e+05  2.81707e+07
    24     10    6.30830e+06  1.63725e+14    4.92875e+07   -1.77307e+05   -2.83810e+06      0.00000e+00   -9.17272e+04   -4.91068e+06  4.12697e+07
    24     11    7.28510e+06  2.70383e+14    4.47182e+07   -4.54778e+05   -1.86283e+06      0.00000e+00   -6.95358e+05   -7.18154e+06  3.45236e+07
    24     12    7.75089e+06  3.65676e+14    4.09764e+07   -1.79421e+05   -1.46767e+06      0.00000e+00    3.10940e+05   -8.68475e+06  3.09555e+07
    25      1    8.17751e+06  4.37332e+14    3.90026e+07   -4.76746e+04   -8.82074e+05      0.00000e+00    2.91337e+05   -1.22906e+07  2.60735e+07
    25      2    8.43227e+06  5.16094e+14    4.59489e+07   -2.07481e+03   -1.36955e+06      0.00000e+00    1.47133e+06   -5.28741e+06  4.07612e+07
    25      3    8.50093e+06  6.14393e+14    4.93366e+07   -1.21966e+05   -3.83179e+06      0.00000e+00    1.63013e+06   -1.51093e+07  3.19037e+07
    25      4    8.49400e+06  6.84439e+14    5.65961e+07   -6.02715e+06   -6.62148e+06      0.00000e+00   -2.62435e+05   -1.29276e+07  3.07574e+07
    25      5    8.03188e+06  7.15778e+14    3.46695e+07   -5.09355e+07   -1.02056e+06      0.00000e+00   -9.11866e+06   -6.97870e+06 -3.33839e+07
    25      6    7.21450e+06  3.34091e+14    4.19734e+07   -2.33069e+08   -4.84814e+04      0.00000e+00   -1.82509e+07   -8.61593e+06 -2.18011e+08
    25      7    5.81299e+06  2.45076e+13    3.36938e+07   -5.40442e+07   -1.36325e+04      0.00000e+00   -7.80411e+06    2.37650e+05 -2.79306e+07
    25      8    4.25072e+06  1.21488e+13    2.58719e+07   -1.09298e+07   -6.47018e+04      0.00000e+00   -6.04122e+06    2.09900e+05  9.04605e+06
    25      9    4.07398e+06  4.75972e+13    2.82433e+07   -2.74097e+06   -6.92313e+05      0.00000e+00   -2.88601e+06   -5.39061e+05  2.13850e+07
    25     10    5.87256e+06  1.42703e+14    4.80501e+07   -4.43464e+04   -2.06986e+06      0.00000e+00   -6.62775e+05   -2.34699e+06  4.29261e+07
    25     11    7.53965e+06  2.24124e+14    2.51304e+07   -4.80059e-01   -1.18029e+05      0.00000e+00   -5.29065e+04   -3.74591e+06  2.12136e+07
    25     12    8.05172e+06  3.10964e+14    5.28187e+07   -3.77173e+05   -9.84337e+05      0.00000e+00    7.14862e+05   -7.08589e+06  4.50862e+07
    26      1    8.33243e+06  4.06367e+14    3.74908e+07   -6.83517e+03   -9.53392e+05      0.00000e+00    7.34245e+05   -8.03997e+06  2.92248e+07
    26      2    8.44565e+06  4.88503e+14    5.32103e+07   -9.09647e+05   -2.26294e+06      0.00000e+00    2.21777e+06   -1.20758e+07  4.01797e+07
    26      3    8.48467e+06  5.66042e+14    3.98720e+07   -7.99188e+05   -7.09917e+06      0.00000e+00    2.30804e+06   -1.26612e+07  2.16204e+07
    26      4    8.40130e+06  6.36971e+14    3.96342e+07   -1.59312e+06   -6.65031e+06      0.00000e+00    7.79844e+05   -1.08118e+07  2.13588e+07
    26      5    8.14755e+06  6.49773e+14    2.34386e+07   -2.27288e+07   -2.87699e+06      0.00000e+00   -9.40403e+06   -2.13500e+06 -1.37062e+07
    26      6    7.49920e+06  3.97257e+14    3.33273e+07   -2.00173e+08   -9.98651e+05      0.00000e+00   -1.87422e+07   -5.68442e+06 -1.92272e+08
    26      7    6.54682e+06  4.27055e+13    2.57396e+07   -6.10823e+07   -2.56942e+04      0.00000e+00   -6.47450e+06    8.22064e+05 -4.10208e+07
    26      8    5.06602e+06  2.47340e+13    4.37274e+07   -2.59235e+07   -1.17971e+05      0.00000e+00   -7.11157e+06   -4.34677e+05  1.01397e+07
    26      9    4.72829e+06  8.07351e+13    3.54675e+07   -3.02204e+06   -4.04399e+05      0.00000e+00   -4.81072e+06   -1.47639e+06  2.57540e+07
    26     10    6.28057e+06  1.47020e+14    3.03058e+07   -8.04574e+03   -7.65125e+05      0.00000e+00   -4.31207e+05   -3.63966e+06  2.54618e+07
    26     11    7.57865e+06  2.30802e+14    4.97891e+07   -2.78017e+03   -1.02240e+06      0.00000e+00   -4.16381e+05   -8.69388e+06  3.96536e+07
    26     12    8.19687e+06  3.23294e+14    4.13033e+07   -6.66528e+03   -4.04237e+05      0.00000e+00    9.92347e+05   -7.26019e+06  3.46246e+07
    27      1    8.47771e+06  4.05543e+14    3.39207e+07   -3.14504e+04   -1.16628e+06      0.00000e+00    1.62207e+06   -8.44306e+06  2.59019e+07
    27      2    8.50687e+06  5.06367e+14    5.25886e+07   -2.28652e+05   -1.66914e+06      0.00000e+00    2.43633e+06   -7.99638e+06  4.51308e+07
    27      3    8.51512e+06  6.01865e+14    4.22692e+07   -1.53037e+06   -1.11166e+06      0.00000e+00    1.58388e+06   -1.12843e+07  2.99267e+07
    27      4    8.39153e+06  6.91200e+14    5.27769e+07   -1.30910e+06   -2.79264e+06      0.00000e+00    8.08870e+05   -1.36550e+07  3.58290e+07
    27      5    8.07973e+06  7.19149e+14    3.74349e+07   -3.65149e+07   -2.16050e+06      0.00000e+00   -8.90108e+06   -1.07426e+07 -2.08842e+07
    27      6    7.39592e+06  4.79185e+14    3.50132e+07   -1.82839e+08   -1.56519e+05      0.00000e+00   -2.22495e+07   -3.78138e+06 -1.74013e+08
    27      7    6.72114e+06  1.42338e+14    3.79762e+07   -7.46703e+07   -1.82958e+05      0.00000e+00   -1.43241e+07   -8.07474e+05 -5.20086e+07
    27      8    5.84753e+06  8.57906e+13    2.61047e+07   -1.82491e+07   -3.28555e+05      0.00000e+00   -7.90774e+06   -1.63941e+06 -2.02007e+06
    27      9    5.47499e+06  1.10896e+14    3.46931e+07   -1.72871e+06   -3.06233e+05      0.00000e+00   -4.52557e+06   -1.21608e+06  2.69165e+07
    27     10    6.92007e+06  2.24795e+14    5.55859e+07   -2.39916e+05   -1.88038e+06      0.00000e+00    6.47472e+05   -4.98118e+06  4.91319e+07
    27     11    7.86506e+06  3.10965e+14    3.33637e+07   -7.26760e+02   -2.05351e+05      0.00000e+00    5.88253e+05   -6.75644e+06  2.69894e+07
    27     12    8.28244e+06  4.21116e+14    4.63462e+07   -5.83436e+05   -9.59169e+05      0.00000e+00    2.09777e+06   -6.76405e+06  4.01373e+07
    28      1    8.51593e+06  5.02308e+14    3.58398e+07   -1.44792e+00   -1.51843e+06      0.00000e+00    1.39322e+06   -7.97241e+06  2.77422e+07
    28      2    8.55769e+06  6.03628e+14    6.59405e+07   -6.50765e+04   -2.90762e+06      0.00000e+00    4.38461e+06   -1.56860e+07  5.16664e+07
    28      3    8.52840e+06  7.16668e+14    5.75477e+07   -6.36017e+05   -7.42125e+06      0.00000e+00    2.40001e+06   -1.24753e+07  3.94151e+07
    28      4    8.39150e+06  8.28832e+14    6.54600e+07   -3.29581e+06   -5.10910e+06      0.00000e+00   -7.17678e+05   -1.52931e+07  4.10444e+07
    28      5    7.71671e+06  8.59954e+14    3.29424e+07   -3.58482e+07   -4.15190e+06      0.00000e+00   -1.08897e+07   -1.40761e+07 -3.20235e+07
    28      6    6.97602e+06  4.75460e+14    1.38155e+07   -2.55458e+08   -1.30310e+06      0.00000e+00   -1.58705e+07   -9.73993e+06 -2.68556e+08
    28      7    6.08403e+06  4.79290e+13    2.67790e+07   -5.28451e+07   -2.91322e+04      0.00000e+00   -8.55698e+06    5.86282e+05 -3.40659e+07
    28      8    5.16978e+06  1.88188e+13    2.61653e+07   -1.45742e+07   -7.39119e+03      0.00000e+00   -6.11004e+06   -3.21094e+05  5.15257e+06
    28      9    4.91724e+06  6.34574e+13    3.42516e+07   -1.27439e+06   -1.33964e+05      0.00000e+00   -4.90817e+06   -6.10190e+05  2.73249e+07
    28     10    6.12682e+06  1.43733e+14    3.92658e+07   -5.40146e+04   -5.40192e+05      0.00000e+00    5.12662e+05   -2.76828e+06  3.64160e+07
    28     11    7.65415e+06  2.36471e+14    3.25794e+07   -1.86615e+05   -8.91492e+05      0.00000e+00   -5.51178e+05   -3.13789e+06  2.78122e+07
    28     12    8.38428e+06  3.10685e+14    3.11244e+07   -1.31914e+02   -1.24577e+06      0.00000e+00    8.07877e+05   -5.57834e+06  2.51080e+07
    29      1    8.62635e+06  3.76067e+14    3.52084e+07   -5.23358e-07   -2.28513e+06      0.00000e+00    2.18652e+06   -8.86720e+06  2.62426e+07
    29      2    8.68470e+06  4.42953e+14    3.96787e+07   -1.20766e+05   -2.52971e+06      0.00000e+00    1.88575e+06   -6.58933e+06  3.23247e+07
    29      3    8.57777e+06  5.33829e+14    5.71160e+07   -1.43797e+06   -3.13529e+06      0.00000e+00    2.71921e+06   -1.16356e+07  4.36264e+07
    29      4    8.42850e+06  6.32084e+14    3.84928e+07   -4.79492e+06   -2.28135e+06      0.00000e+00    4.69706e+05   -8.61576e+06  2.32705e+07
    29      5    7.94696e+06  5.83183e+14    3.48928e+07   -1.08045e+08   -2.05252e+06      0.00000e+00   -1.21015e+07   -1.25786e+07 -9.98851e+07
    29      6    7.22876e+06  2.16126e+14    4.06785e+07   -1.52551e+08   -2.50180e+05      0.00000e+00   -1.82873e+07   -2.30964e+06 -1.32720e+08
    29      7    5.96841e+06  1.59320e+13    3.01029e+07   -4.25297e+07   -2.81173e+04      0.00000e+00   -6.38120e+06    6.37531e+05 -1.81985e+07
    29      8    4.83705e+06  1.99317e+13    4.72612e+07   -2.13335e+07   -7.92072e+04      0.00000e+00   -8.97199e+06    5.14183e+04  1.69279e+07
    29      9    4.85076e+06  7.30146e+13    3.49685e+07   -4.68249e+06   -8.96832e+05      0.00000e+00   -4.17142e+06   -5.94833e+05  2.46230e+07
    29     10    6.43322e+06  1.60824e+14    4.22117e+07   -3.13898e+05   -1.23413e+06      0.00000e+00   -3.75164e+05   -2.04042e+06  3.82481e+07
    29     11    7.50622e+06  2.64856e+14    4.15128e+07   -3.04699e+05   -2.18290e+05      0.00000e+00   -3.83493e+05   -3.53985e+06  3.70665e+07
    29     12    8.23696e+06  3.47800e+14    3.43301e+07   -1.87509e+05   -1.70111e+05      0.00000e+00    7.57835e+05   -5.46078e+06  2.92696e+07
    30      1    8.52213e+06  4.31185e+14    3.71369e+07   -3.08800e+04   -1.91998e+05      0.00000e+00    1.33156e+06   -6.74704e+06  3.14986e+07
    30      2    8.62997e+06  5.09681e+14    4.23735e+07   -7.63683e+03   -1.07687e+06      0.00000e+00    2.32818e+06   -6.97691e+06  3.66403e+07
    30      3    8.60129e+06  6.02968e+14    4.37607e+07   -4.49931e+04   -7.36522e+05      0.00000e+00    1.57639e+06   -6.76749e+06  3.77881e+07
    30      4    8.55709e+06  7.06799e+14    4.67226e+07   -2.17495e+06   -1.80305e+06      0.00000e+00    8.72986e+05   -1.06468e+07  3.29708e+07
    30      5    8.20571e+06  7.14144e+14    2.76392e+07   -7.13940e+07   -1.34088e+06      0.00000e+00   -1.05478e+07   -5.06091e+06 -6.07045e+07
    30      6    7.56942e+06  2.64037e+14    3.35482e+07   -2.23757e+08   -2.49296e+05      0.00000e+00   -1.76344e+07   -5.90490e+06 -2.13997e+08
    30      7    6.55886e+06  8.57296e+12    1.18587e+07   -1.82479e+07   -1.13126e+02      0.00000e+00   -3.96431e+06    6.34378e+05 -9.71929e+06
    30      8    5.26699e+06  1.09095e+13    3.97948e+07   -2.15819e+07   -5.88721e+04      0.00000e+00   -8.43635e+06   -8.14270e+05  8.90342e+06
    30      9    4.86975e+06  6.26894e+13    3.67559e+07   -2.69022e+06   -4.17287e+05      0.00000e+00   -6.68231e+06   -1.11712e+06  2.58489e+07
    30     10    6.70713e+06  1.53342e+14    4.65977e+07   -9.81581e+04   -9.15211e+05      0.00000e+00   -1.02586e+06   -5.74168e+06  3.88168e+07
    30     11    7.85610e+06  2.39739e+14    3.82696e+07   -2.44773e+03   -7.28463e+05      0.00000e+00    2.43919e+04   -5.54177e+06  3.20213e+07
    30     12    8.44802e+06  3.33432e+14    5.14828e+07   -8.98396e+05   -9.17395e+05      0.00000e+00    4.38032e+05   -7.70307e+06  4.24020e+07
    31      1    8.47266e+06  4.56651e+14    5.50506e+07   -2.96303e+05   -1.26344e+06      0.00000e+00    4.85103e+05   -1.04630e+07  4.35130e+07
    31      2    8.64130e+06  5.94262e+14    7.16431e+07   -1.00562e+06   -2.81655e+06      0.00000e+00    2.50607e+06   -1.07129e+07  5.96141e+07
    31      3    8.67449e+06  7.14633e+14    5.67373e+07   -1.06411e+06   -2.27853e+06      0.00000e+00    1.85692e+06   -1.24937e+07  4.27579e+07
    31      4    8.57634e+06  7.98181e+14    4.22455e+07   -1.07209e+07   -2.87560e+06      0.00000e+00   -1.04383e+06   -8.03938e+06  1.95658e+07
    31      5    8.11115e+06  7.87559e+14    3.57091e+07   -6.93415e+07   -9.18535e+05      0.00000e+00   -1.21834e+07   -7.40852e+06 -5.41428e+07
    31      6    7.31363e+06  3.17187e+14    3.07806e+07   -2.59748e+08   -6.10872e+05      0.00000e+00   -1.40626e+07   -8.10889e+06 -2.51749e+08
    31      7    6.17426e+06  1.06842e+13    2.67067e+07   -3.28978e+07   -2.21232e+03      0.00000e+00   -5.86490e+06    1.85297e+05 -1.18729e+07
    31      8    4.65069e+06  1.34153e+13    4.33036e+07   -2.34567e+07   -3.81582e+05      0.00000e+00   -6.81067e+06   -3.33169e+05  1.23215e+07
    31      9    4.37869e+06  6.31575e+13    3.45607e+07   -3.40322e+06   -8.74845e+05      0.00000e+00   -3.55862e+06   -1.30664e+06  2.54174e+07
    31     10    6.35588e+06  1.62575e+14    5.55893e+07   -5.87231e+05   -3.13455e+06      0.00000e+00   -1.08286e+06   -6.12140e+06  4.46633e+07
    31     11    7.32529e+06  2.72914e+14    4.30099e+07   -5.14447e+02   -2.05439e+06      0.00000e+00    1.42616e+05   -1.02981e+07  3.07995e+07
    31     12    8.35215e+06  3.41738e+14    3.54779e+07   -1.92011e+04   -1.22016e+06      0.00000e+00    9.10310e+05   -7.06972e+06  2.80792e+07
    32      1    8.50554e+06  4.30218e+14    4.52415e+07   -1.51145e+05   -4.93462e+05      0.00000e+00    1.67748e+06   -8.34201e+06  3.79324e+07
    32      2    8.63626e+06  5.14930e+14    4.30940e+07   -9.39955e+03   -1.63464e+06      0.00000e+00    2.01868e+06   -9.36532e+06  3.41033e+07
    32      3    8.70846e+06  6.18889e+14    5.21182e+07   -2.79763e+04   -2.59470e+06      0.00000e+00    2.01420e+06   -1.14430e+07  4.00667e+07
    32      4    8.64761e+06  7.08124e+14    5.24482e+07   -6.17741e+06   -1.97306e+06      0.00000e+00    2.24391e+05   -1.61512e+07  2.83709e+07
    32      5    8.17469e+06  7.16819e+14    2.44475e+07   -4.87377e+07   -8.61894e+05      0.00000e+00   -9.70464e+06   -6.10383e+06 -4.09605e+07
    32      6    7.46290e+06  3.56080e+14    2.06643e+07   -2.09225e+08   -1.52954e+05      0.00000e+00   -1.46441e+07   -1.13354e+07 -2.14694e+08
    32      7    6.29717e+06  3.00545e+13    1.17381e+07   -3.36065e+07   -1.39908e+03      0.00000e+00   -6.75290e+06    8.14760e+05 -2.78080e+07
    32      8    5.02858e+06  1.25273e+13    2.16256e+07   -9.84460e+06   -9.25045e+04      0.00000e+00   -5.78357e+06    1.72836e+05  6.07777e+06
    32      9    4.75400e+06  6.70873e+13    4.29060e+07   -1.72393e+06   -1.10525e+06      0.00000e+00   -4.57438e+06   -1.11321e+06  3.43892e+07
    32     10    6.07611e+06  1.68245e+14    5.05074e+07   -2.12150e+06   -4.43979e+06      0.00000e+00   -6.13593e+05   -3.96990e+06  3.93626e+07
    32     11    7.60472e+06  2.68669e+14    4.32514e+07   -3.24098e+05   -5.53995e+05      0.00000e+00    3.27939e+05   -5.97770e+06  3.67236e+07
    32     12    8.39856e+06  3.52486e+14    3.90237e+07   -1.70742e+05   -1.11764e+05      0.00000e+00   -6.46527e+05   -8.41002e+06  2.96847e+07
    33      1    8.59961e+06  4.44554e+14    4.16095e+07   -5.81221e+03   -1.17872e+06      0.00000e+00    9.56024e+05   -7.66655e+06  3.37145e+07
    33      2    8.60785e+06  5.35600e+14    4.90002e+07   -5.48302e+05   -3.22645e+06      0.00000e+00    2.07919e+06   -9.19620e+06  3.81084e+07
    33      3    8.65329e+06  6.27607e+14    4.11164e+07   -2.98529e+04   -2.85444e+06      0.00000e+00    2.69629e+06   -1.56785e+07  2.52499e+07
    33      4    8.59126e+06  7.00681e+14    5.24417e+07   -8.54154e+06   -4.25457e+06      0.00000e+00    2.28752e+05   -1.02118e+07  2.96626e+07
    33      5    8.00427e+06  7.06058e+14    3.58873e+07   -6.32230e+07   -1.66037e+06      0.00000e+00   -1.27630e+07   -3.84027e+06 -4.55993e+07
    33      6    7.15761e+06  2.77576e+14    3.15091e+07   -2.06685e+08   -2.16542e+05      0.00000e+00   -1.64663e+07    2.55993e+04 -1.91834e+08
    33      7    5.60214e+06  3.28125e+13    3.41609e+07   -5.18119e+07   -8.39517e+03      0.00000e+00   -7.88372e+06    1.27371e+05 -2.54157e+07
    33      8    3.96984e+06  2.75784e+13    3.61457e+07   -1.23074e+07   -2.54678e+05      0.00000e+00   -8.52845e+06   -3.04951e+05  1.47501e+07
    33      9    3.65341e+06  7.72719e+13    2.52613e+07   -2.52984e+06   -1.80351e+06      0.00000e+00   -3.39408e+06   -1.23872e+06  1.62951e+07
    33     10    6.08617e+06  1.46821e+14    4.46585e+07   -8.18575e+03   -9.74688e+05      0.00000e+00   -1.43478e+06   -4.00406e+06  3.82368e+07
    33     11    7.53006e+06  2.45781e+14    4.11761e+07   -2.96213e+05   -6.92999e+05      0.00000e+00   -4.76040e+05   -6.47771e+06  3.32331e+07
    33     12    8.30146e+06  3.27450e+14    4.07661e+07   -4.60418e+04   -2.31116e+06      0.00000e+00   -6.91294e+04   -1.23588e+07  2.59810e+07
    34      1    8.51369e+06  4.07492e+14    5.32157e+07   -2.17557e+05   -5.13359e+05      0.00000e+00    1.22792e+06   -7.96133e+06  4.57514e+07
    34      2    8.56990e+06  5.14955e+14    3.92638e+07   -1.91895e+04   -5.98845e+05      0.00000e+00    8.60663e+05   -1.04005e+07  2.91059e+07
    34      3    8.59858e+06  5.96498e+14    5.14845e+07   -2.90156e+04   -2.72097e+06      0.00000e+00    1.31001e+06   -1.30708e+07  3.69737e+07
    34      4    8.40071e+06  6.80674e+14    5.11535e+07   -6.19075e+06   -5.07055e+06      0.00000e+00    2.60327e+05   -1.60423e+07  2.41102e+07
    34      5    7.86405e+06  7.07098e+14    3.88399e+07   -6.11471e+07   -3.50123e+06      0.00000e+00   -1.23934e+07   -7.49201e+06 -4.56938e+07
    34      6    7.11940e+06  2.65303e+14    3.56777e+07   -2.16786e+08   -5.17012e+05      0.00000e+00   -1.92975e+07   -6.17745e+06 -2.07100e+08
    34      7    5.93449e+06  1.17661e+13    2.29128e+07   -3.29309e+07   -3.09761e+03      0.00000e+00   -4.82878e+06    1.06481e+06 -1.37851e+07
    34      8    4.30456e+06  7.08023e+12    1.78373e+07   -9.44461e+06   -3.55120e+03      0.00000e+00   -5.43165e+06   -3.44247e+03  2.95406e+06
    34      9    3.73980e+06  4.36436e+13    3.05198e+07   -1.49921e+06   -1.17296e+06      0.00000e+00   -3.22409e+06   -6.73839e+05  2.39497e+07
    34     10    5.26654e+06  1.06340e+14    3.80715e+07   -2.54839e+05   -3.47347e+06      0.00000e+00   -2.60014e+06   -3.14080e+06  2.86022e+07
    34     11    7.45358e+06  1.77949e+14    2.48596e+07   -2.61428e+00   -1.28480e+05      0.00000e+00   -1.32857e+06   -3.44152e+06  1.99610e+07
    34     12    8.15439e+06  2.46951e+14    4.31562e+07   -9.87122e+04   -1.82183e+05      0.00000e+00    4.62163e+05   -6.99847e+06  3.63390e+07
    35      1    8.36456e+06  3.34945e+14    3.22301e+07   -3.45006e+04   -2.17085e+06      0.00000e+00    1.18983e+06   -6.66386e+06  2.45507e+07
    35      2    8.57004e+06  3.91155e+14    3.04146e+07   -1.15750e+03   -1.89390e+06      0.00000e+00    1.46492e+06   -7.27518e+06  2.27093e+07
    35      3    8.57000e+06  4.57231e+14    4.26677e+07   -2.99010e+05   -1.82369e+06      0.00000e+00    1.87897e+06   -8.86780e+06  3.35562e+07
    35      4    8.62519e+06  5.55873e+14    3.97450e+07   -4.49863e+05   -2.28480e+06      0.00000e+00   -6.28483e+05   -5.09338e+06  3.12885e+07
    35      5    8.38958e+06  5.90549e+14    2.84570e+07   -1.81962e+07   -2.05268e+06      0.00000e+00   -1.10731e+07   -2.40743e+06 -5.27233e+06
    35      6    7.77785e+06  3.59619e+14    1.44676e+07   -1.45011e+08   -2.96879e+05      0.00000e+00   -1.96401e+07   -1.23418e+06 -1.51715e+08
    35      7    6.78077e+06  5.30473e+13    2.27516e+07   -7.52905e+07   -5.76409e+03      0.00000e+00   -9.41840e+06    1.59837e+05 -6.18033e+07
    35      8    5.67646e+06  1.63757e+13    3.56821e+07   -2.06098e+07   -2.09264e+04      0.00000e+00   -6.27738e+06   -4.28533e+05  8.34554e+06
    35      9    5.32840e+06  7.69842e+13    4.63902e+07   -4.32407e+06   -4.83081e+05      0.00000e+00   -6.03302e+06   -9.23203e+05  3.46268e+07
    35     10    6.37813e+06  1.73439e+14    5.04654e+07   -1.47807e+05   -4.25812e+06      0.00000e+00    7.13443e+05   -5.37231e+06  4.14007e+07
    35     11    7.46763e+06  2.89346e+14    5.39880e+07   -3.27738e+05   -2.13171e+06      0.00000e+00   -1.01013e+05   -6.59683e+06  4.48307e+07
    35     12    8.09621e+06  4.15317e+14    5.39560e+07   -2.13673e+05   -1.62345e+06      0.00000e+00   -2.37504e+05   -8.51273e+06  4.33687e+07
    36      1    8.42331e+06  5.12681e+14    4.49466e+07   -1.84976e+05   -1.26644e+06      0.00000e+00    1.56948e+06   -8.36010e+06  3.67046e+07
    36      2    8.47633e+06  6.07403e+14    5.38750e+07   -2.21027e+05   -1.51878e+06      0.00000e+00    1.02213e+06   -1.31877e+07  3.99696e+07
    36      3    8.57153e+06  7.03006e+14    4.77359e+07   -6.44042e+05   -4.78278e+06      0.00000e+00    1.59050e+06   -1.35827e+07  3.03168e+07
    36      4    8.59300e+06  7.71845e+14    5.30528e+07   -5.96777e+06   -5.29017e+06      0.00000e+00    1.23301e+05   -1.48748e+07  2.70434e+07
    36      5    8.12827e+06  7.57620e+14    2.67358e+07   -6.15233e+07   -2.75996e+06      0.00000e+00   -1.17351e+07   -1.12897e+07 -6.05722e+07
    36      6    7.39018e+06  3.32983e+14    2.26005e+07   -2.22341e+08   -1.73640e+06      0.00000e+00   -1.54530e+07   -9.53064e+06 -2.26461e+08
    36      7    6.11254e+06  3.19865e+13    2.69166e+07   -4.44183e+07   -7.11838e+04      0.00000e+00   -7.22250e+06   -1.11155e+06 -2.59069e+07
    36      8    4.79552e+06  1.10413e+13    2.10415e+07   -1.07606e+07   -7.24355e+04      0.00000e+00   -4.73192e+06   -4.43980e+05  5.03254e+06
    36      9    4.30289e+06  3.85163e+13    1.99910e+07   -1.85122e+06   -2.47802e+05      0.00000e+00   -3.88084e+06   -4.15309e+05  1.35959e+07
    36     10    5.65732e+06  1.02261e+14    4.47231e+07   -1.41255e+05   -3.11792e+06      0.00000e+00   -1.12715e+06   -3.93671e+06  3.64000e+07
    36     11    7.52303e+06  2.01962e+14    4.94608e+07   -2.75950e+05   -4.94516e+06      0.00000e+00   -8.18193e+05   -6.43197e+06  3.69895e+07
    36     12    8.44253e+06  2.88748e+14    4.27655e+07   -6.96409e+05   -2.61858e+06      0.00000e+00    8.57424e+04   -1.04286e+07  2.91077e+07
    37      1    8.71566e+06  3.79831e+14    5.61554e+07   -2.71097e+05   -2.55085e+06      0.00000e+00    2.63553e+06   -1.40876e+07  4.18814e+07
    37      2    8.79425e+06  4.82994e+14    4.57545e+07   -9.83620e+04   -2.68407e+06      0.00000e+00    8.71586e+05   -1.05062e+07  3.33374e+07
    37      3    8.82939e+06  5.57923e+14    3.89631e+07   -2.27440e+04   -2.40449e+06      0.00000e+00    1.13116e+06   -9.80936e+06  2.78576e+07
    37      4    8.77851e+06  6.24779e+14    4.17220e+07   -7.97123e+06   -1.56851e+06      0.00000e+00   -5.69418e+05   -1.19907e+07  1.96222e+07
    37      5    8.30374e+06  6.18844e+14    1.83502e+07   -4.64630e+07   -1.13761e+06      0.00000e+00   -8.86374e+06   -3.09216e+06 -4.12064e+07
    37      6    7.68485e+06  2.19968e+14    2.38912e+07   -2.00599e+08   -1.56284e+04      0.00000e+00   -1.60726e+07   -2.75898e+06 -1.95555e+08
    37      7    6.23502e+06  1.01323e+13    1.96375e+07   -2.36741e+07   -4.43000e+04      0.00000e+00   -5.43454e+06    7.29582e+03 -9.50815e+06
    37      8    4.67233e+06  7.71197e+12    2.16289e+07   -1.19998e+07   -2.13600e+04      0.00000e+00   -4.95969e+06   -1.93171e+05  4.45491e+06
    37      9    4.62641e+06  5.70857e+13    4.40483e+07   -1.64447e+06   -1.26768e+06      0.00000e+00   -4.49589e+06   -9.93292e+05  3.56469e+07
    37     10    6.46168e+06  1.52465e+14    3.27316e+07   -3.48807e+04   -3.73523e+05      0.00000e+00   -1.13865e+06   -3.16974e+06  2.80148e+07
    37     11    7.95557e+06  2.32752e+14    3.85686e+07   -2.52621e+04   -5.76578e+05      0.00000e+00    9.98973e+04   -5.37033e+06  3.26963e+07
    37     12    8.53895e+06  3.31974e+14    5.19844e+07   -4.22356e+05   -8.16628e+05      0.00000e+00    1.70691e+06   -5.48020e+06  4.69721e+07
    38      1    8.61590e+06  4.34481e+14    3.15355e+07   -5.08523e+04   -1.34131e+06      0.00000e+00    1.90124e+06   -6.67453e+06  2.53700e+07
    38      2    8.73526e+06  5.16235e+14    5.32640e+07   -3.44561e+05   -3.16950e+06      0.00000e+00    3.10902e+06   -1.14730e+07  4.13859e+07
    38      3    8.77990e+06  6.38277e+14    5.14324e+07   -1.48208e+05   -2.55633e+06      0.00000e+00    3.73482e+06   -1.03823e+07  4.20804e+07
    38      4    8.62938e+06  7.16019e+14    4.73189e+07   -4.56447e+06   -1.08181e+06      0.00000e+00   -1.07197e+06   -1.13126e+07  2.92880e+07
    38      5    8.24829e+06  7.32954e+14    2.74121e+07   -5.31265e+07   -6.32254e+05      0.00000e+00   -9.44258e+06   -3.26717e+06 -3.90564e+07
    38      6    7.53065e+06  3.00794e+14    2.46470e+07   -2.32870e+08   -1.11422e+05      0.00000e+00   -1.61239e+07   -7.06535e+06 -2.31523e+08
    38      7    6.42157e+06  1.71867e+13    3.39000e+07   -4.36397e+07   -2.98370e+02      0.00000e+00   -5.39322e+06    5.55043e+05 -1.45782e+07
    38      8    5.16123e+06  1.28805e+13    2.16198e+07   -1.00702e+07   -4.80346e+04      0.00000e+00   -5.88718e+06    2.16657e+05  5.83105e+06
    38      9    4.87122e+06  5.06469e+13    2.72652e+07   -6.89933e+05   -5.91676e+05      0.00000e+00   -4.74767e+06   -2.58785e+05  2.09771e+07
    38     10    6.27003e+06  1.30450e+14    3.97862e+07   -4.42203e+04   -9.46458e+05      0.00000e+00   -4.08827e+04   -3.66115e+06  3.50935e+07
    38     11    7.72760e+06  2.28306e+14    4.84781e+07   -8.74661e+02   -9.93950e+05      0.00000e+00    6.89154e+04   -7.02692e+06  4.05253e+07
    38     12    8.31849e+06  3.31859e+14    4.95920e+07   -4.35458e+03   -2.15778e+06      0.00000e+00    5.71756e+05   -9.48237e+06  3.85192e+07
    39      1    8.49787e+06  4.27064e+14    4.81295e+07   -2.53079e+05   -2.28513e+06      0.00000e+00    1.38914e+06   -1.11426e+07  3.58379e+07
    39      2    8.55399e+06  5.11507e+14    3.06478e+07   -4.62989e+05   -9.14055e+05      0.00000e+00    2.51512e+06   -6.23881e+06  2.55470e+07
    39      3    8.71805e+06  5.86516e+14    4.60432e+07   -1.84226e+05   -3.17150e+06      0.00000e+00    1.45304e+06   -1.08062e+07  3.33343e+07
    39      4    8.75337e+06  6.75612e+14    5.08596e+07   -5.29689e+06   -3.07873e+06      0.00000e+00   -7.19267e+05   -8.58777e+06  3.31769e+07
    39      5    8.37560e+06  6.94968e+14    3.28074e+07   -5.23526e+07   -2.51321e+06      0.00000e+00   -9.11357e+06   -2.92632e+06 -3.40984e+07
    39      6    7.61303e+06  3.21676e+14    2.85832e+07   -2.13300e+08   -8.50750e+05      0.00000e+00   -1.76353e+07   -2.15313e+06 -2.05355e+08
    39      7    6.32326e+06  2.21453e+13    2.15764e+07   -4.32920e+07   -1.10378e+05      0.00000e+00   -5.46430e+06    9.76157e+05 -2.63141e+07
    39      8    5.03566e+06  1.22818e+13    2.88381e+07   -1.39369e+07   -3.18260e+03      0.00000e+00   -5.62072e+06   -1.17270e+06  8.10463e+06
    39      9    5.05034e+06  7.25837e+13    4.34289e+07   -3.04132e+06   -5.16772e+05      0.00000e+00   -6.15902e+06   -9.43428e+05  3.27683e+07
    39     10    6.39074e+06  1.60736e+14    4.04207e+07   -3.77898e+04   -3.70730e+06      0.00000e+00   -7.32260e+05   -4.72745e+06  3.12159e+07
    39     11    7.92404e+06  2.32833e+14    3.56430e+07   -1.36690e+04   -6.93736e+05      0.00000e+00   -6.20532e+05   -6.14665e+06  2.81684e+07
    39     12    8.37016e+06  3.29841e+14    4.46245e+07   -1.00069e+05   -2.19372e+06      0.00000e+00    8.87661e+05   -9.89214e+06  3.33262e+07
    40      1    8.53492e+06  3.92013e+14    4.12010e+07   -1.75332e+03   -3.79011e+06      0.00000e+00    1.25133e+06   -1.16987e+07  2.69617e+07
    40      2    8.62928e+06  4.64733e+14    4.81548e+07   -7.56029e+05   -3.70353e+06      0.00000e+00    8.61492e+05   -1.16919e+07  3.28648e+07
    40      3    8.64931e+06  5.93548e+14    6.07781e+07   -2.32725e+05   -6.24106e+06      0.00000e+00    1.41176e+06   -8.50206e+06  4.72140e+07
    40      4    8.57542e+06  7.02609e+14    7.04976e+07   -2.10235e+06   -1.06918e+07      0.00000e+00   -4.68310e+05   -1.32316e+07  4.40035e+07
    40      5    8.09039e+06  7.25006e+14    3.60837e+07   -6.70475e+07   -1.52657e+06      0.00000e+00   -1.17757e+07   -6.41869e+06 -5.06847e+07
    40      6    7.36633e+06  3.12268e+14    3.23191e+07   -2.37077e+08   -5.30731e+05      0.00000e+00   -1.65672e+07   -7.16484e+06 -2.29021e+08
    40      7    6.31246e+06  1.45842e+13    3.02962e+07   -3.74618e+07   -4.68378e+03      0.00000e+00   -5.98806e+06    4.23175e+05 -1.27351e+07
    40      8    5.08910e+06  1.21525e+13    3.22130e+07   -1.61709e+07   -1.57003e+04      0.00000e+00   -7.77891e+06    2.08105e+04  8.26823e+06
    40      9    4.87638e+06  5.88254e+13    3.85861e+07   -3.73814e+06   -8.55305e+05      0.00000e+00   -4.20798e+06   -1.33472e+06  2.84500e+07
    40     10    6.74884e+06  1.74043e+14    5.69173e+07   -2.79335e+05   -2.74999e+06      0.00000e+00   -1.08843e+06   -5.68047e+06  4.71191e+07
    40     11    7.91781e+06  2.62513e+14    3.56627e+07   -3.96780e+05   -5.94043e+05      0.00000e+00    6.00602e+05   -4.78658e+06  3.04859e+07
    40     12    8.14504e+06  3.68527e+14    5.21972e+07   -7.13762e+05   -2.28770e+06      0.00000e+00    1.14921e+06   -9.52392e+06  4.08210e+07
    41      1    8.35773e+06  4.55861e+14    4.04190e+07   -5.39233e+05   -2.45292e+06      0.00000e+00    6.99194e+05   -1.43883e+07  2.37377e+07
    41      2    8.60449e+06  5.19704e+14    3.82191e+07   -1.32269e+05   -3.46758e+06      0.00000e+00    1.68422e+06   -1.20502e+07  2.42533e+07
    41      3    8.61451e+06  6.09467e+14    5.20757e+07   -1.09839e+06   -5.19053e+06      0.00000e+00    2.17430e+06   -9.50280e+06  3.84583e+07
    41      4    8.54815e+06  6.83057e+14    5.59092e+07   -1.19621e+07   -4.25537e+06      0.00000e+00   -3.66864e+05   -1.47630e+07  2.45619e+07
    41      5    8.10083e+06  7.22555e+14    4.13842e+07   -3.68084e+07   -1.85478e+06      0.00000e+00   -1.06514e+07   -7.34614e+06 -1.52765e+07
    41      6    7.46245e+06  4.31253e+14    3.56755e+07   -1.93616e+08   -1.17574e+06      0.00000e+00   -1.87526e+07   -7.98423e+06 -1.85853e+08
    41      7    6.52539e+06  6.89360e+13    2.43028e+07   -7.76049e+07   -2.11990e+03      0.00000e+00   -8.42243e+06    8.97483e+05 -6.08291e+07
    41      8    5.42194e+06  2.55513e+13    2.34622e+07   -1.76658e+07   -1.19909e+03      0.00000e+00   -6.30462e+06   -3.93362e+05 -9.02834e+05
    41      9    5.15343e+06  5.11638e+13    2.80420e+07   -5.79753e+05   -6.94876e+05      0.00000e+00   -5.13211e+06   -8.08348e+05  2.08269e+07
    41     10    6.83273e+06  1.28159e+14    3.22902e+07   -2.34208e+04   -2.93655e+05      0.00000e+00   -1.75666e+05   -2.74199e+06  2.90554e+07
    41     11    7.78153e+06  2.13643e+14    4.12005e+07   -4.18698e+03   -9.15745e+05      0.00000e+00    1.00715e+06   -5.10611e+06  3.61816e+07
    41     12    7.96746e+06  3.33896e+14    6.51420e+07   -3.49840e+05   -1.97494e+06      0.00000e+00    1.27911e+06   -8.64573e+06  5.54506e+07
    42      1    8.33332e+06  4.32947e+14    3.56449e+07   -4.07449e+03   -9.41509e+05      0.00000e+00    9.33697e+05   -8.45361e+06  2.71794e+07
    42      2    8.35854e+06  5.32177e+14    4.94967e+07   -3.69020e+05   -2.46212e+06      0.00000e+00    1.30183e+06   -1.08968e+07  3.70706e+07
    42      3    8.48677e+06  6.02202e+14    4.37221e+07   -4.39289e+04   -3.83231e+06      0.00000e+00    1.77447e+06   -1.16183e+07  3.00020e+07
    42      4    8.45543e+06  6.99230e+14    5.04824e+07   -8.66708e+05   -4.04970e+06      0.00000e+00   -4.29700e+05   -9.32504e+06  3.58113e+07
    42      5    8.15664e+06  7.24595e+14    2.38733e+07   -5.52158e+07   -2.38599e+06      0.00000e+00   -9.02262e+06   -2.68582e+06 -4.54370e+07
    42      6    7.42162e+06  2.98077e+14    1.90325e+07   -2.05477e+08   -6.75503e+05      0.00000e+00   -1.83540e+07   -1.50079e+06 -2.06975e+08
    42      7    6.45104e+06  2.63654e+13    3.55401e+07   -4.99627e+07   -2.06657e+04      0.00000e+00   -8.04210e+06   -1.54564e+05 -2.26399e+07
    42      8    5.27065e+06  6.71571e+12    1.64212e+07   -1.03090e+07   -8.39530e+02      0.00000e+00   -4.01897e+06   -7.25660e+05  1.36672e+06
    42      9    4.75394e+06  4.19572e+13    2.93910e+07   -3.02858e+06   -1.37621e+05      0.00000e+00   -4.48843e+06   -1.13470e+06  2.06017e+07
    42     10    6.02642e+06  1.26495e+14    4.41525e+07   -2.70708e+05   -1.44208e+06      0.00000e+00   -9.92730e+05   -4.72871e+06  3.67183e+07
    42     11    7.54894e+06  2.05617e+14    3.45444e+07   -6.98216e+03   -5.13446e+05      0.00000e+00   -2.13143e+05   -4.94533e+06  2.88655e+07
    42     12    8.07511e+06  2.79667e+14    4.00376e+07   -1.55939e+03   -1.23671e+06      0.00000e+00    1.09564e+06   -8.50174e+06  3.13932e+07
    43      1    8.37352e+06  3.89342e+14    5.67385e+07   -1.92063e+05   -2.13821e+06      0.00000e+00    2.05385e+06   -1.07366e+07  4.57255e+07
    43      2    8.49547e+06  5.20870e+14    5.62696e+07   -5.36511e+05   -1.67733e+06      0.00000e+00    1.63279e+06   -8.78776e+06  4.69008e+07
    43      3    8.56902e+06  5.85937e+14    2.36221e+07   -1.11915e+05   -1.97234e+06      0.00000e+00    1.45530e+06   -6.22045e+06  1.67727e+07
    43      4    8.60403e+06  6.33962e+14    3.11857e+07   -2.42593e+06   -1.97634e+06      0.00000e+00    1.95585e+05   -6.17054e+06  2.08084e+07
    43      5    8.22816e+06  6.43220e+14    3.53260e+07   -5.90697e+07   -6.87845e+05      0.00000e+00   -9.83064e+06   -5.52020e+06 -3.97824e+07
    43      6    7.49435e+06  3.33282e+14    4.22883e+07   -2.08586e+08   -7.35625e+05      0.00000e+00   -1.71772e+07   -4.89001e+06 -1.89101e+08
    43      7    6.33987e+06  2.34653e+13    3.64288e+07   -4.94102e+07   -5.16114e+04      0.00000e+00   -9.21358e+06    5.65588e+05 -2.16810e+07
    43      8    4.83987e+06  8.67963e+12    2.23721e+07   -1.24699e+07   -7.08190e+01      0.00000e+00   -4.85160e+06   -2.08488e+05  4.84203e+06
    43      9    4.53294e+06  4.53650e+13    3.30700e+07   -1.86030e+06   -2.26265e+05      0.00000e+00   -5.63775e+06   -1.01085e+06  2.43348e+07
    43     10    6.56249e+06  1.36288e+14    4.90625e+07   -1.40203e+05   -1.21439e+06      0.00000e+00   -2.24344e+06   -2.34955e+06  4.31149e+07
    43     11    7.61048e+06  2.51831e+14    4.97145e+07   -2.75334e+04   -1.86877e+06      0.00000e+00    8.53240e+05   -6.86043e+06  4.18110e+07
    43     12    7.78329e+06  3.77606e+14    5.50278e+07   -4.28738e+05   -2.99553e+06      0.00000e+00    1.57990e+06   -9.90802e+06  4.32755e+07
    44      1    8.31567e+06  4.76315e+14    4.50353e+07   -5.78744e+05   -3.78070e+05      0.00000e+00    6.59562e+05   -9.30038e+06  3.54377e+07
    44      2    8.49127e+06  5.38921e+14    2.67526e+07   -3.03870e+04   -1.03605e+06      0.00000e+00    2.10829e+06   -8.38957e+06  1.94049e+07
    44      3    8.62179e+06  6.14149e+14    4.82697e+07   -1.86062e+05   -1.77034e+06      0.00000e+00    2.37290e+06   -6.18408e+06  4.25021e+07
    44      4    8.62725e+06  7.13127e+14    3.80302e+07   -8.92527e+05   -2.70746e+06      0.00000e+00   -2.02728e+05   -8.01723e+06  2.62103e+07
    44      5    8.21501e+06  7.22318e+14    3.42415e+07   -4.66168e+07   -1.39153e+06      0.00000e+00   -1.20258e+07   -6.00311e+06 -3.17957e+07
    44      6    7.50349e+06  4.01138e+14    3.52999e+07   -2.21606e+08   -5.68677e+04      0.00000e+00   -2.08257e+07   -7.16576e+06 -2.14355e+08
    44      7    6.30818e+06  3.10314e+13    6.64400e+06   -3.76794e+07   -3.05960e+03      0.00000e+00   -6.44238e+06    1.59114e+06 -3.58897e+07
    44      8    5.11529e+06  8.08000e+12    2.55775e+07   -1.91113e+07   -2.30678e+02      0.00000e+00   -4.17663e+06    9.06409e+04  2.37996e+06
    44      9    4.68550e+06  3.28000e+13    2.93824e+07   -5.99325e+05   -3.59842e+05      0.00000e+00   -4.31382e+06   -5.37405e+05  2.35720e+07
    44     10    5.88279e+06  1.36890e+14    4.39631e+07   -1.69646e+06   -4.02303e+05      0.00000e+00   -5.18849e+04   -3.05428e+06  3.87581e+07
    44     11    7.18767e+06  2.08987e+14    2.92611e+07   -1.82832e+04   -2.03720e+05      0.00000e+00   -3.44206e+05   -4.20119e+06  2.44937e+07
    44     12    7.78774e+06  3.13803e+14    5.37948e+07   -1.44943e+05   -1.06848e+06      0.00000e+00    1.34475e+06   -5.60222e+06  4.83239e+07
    45      1    8.27812e+06  4.36803e+14    5.71283e+07   -7.03173e+05   -1.27115e+06      0.00000e+00    1.01675e+06   -7.96563e+06  4.82051e+07
    45      2    8.36870e+06  5.48510e+14    5.18058e+07   -8.63345e+04   -1.54799e+06      0.00000e+00    1.30235e+05   -1.27361e+07  3.75657e+07
    45      3    8.54826e+06  6.27955e+14    3.83737e+07   -2.12149e+05   -2.40345e+06      0.00000e+00    1.51762e+06   -1.18256e+07  2.54502e+07
    45      4    8.48887e+06  7.10314e+14    5.48769e+07   -9.40111e+06   -3.45317e+06      0.00000e+00    4.75954e+03   -1.08945e+07  3.11329e+07
    45      5    8.10849e+06  7.26028e+14    4.35093e+07   -6.66361e+07   -6.30393e+05      0.00000e+00   -1.21564e+07   -5.66039e+06 -4.15739e+07
    45      6    7.29163e+06  3.35173e+14    3.27591e+07   -2.24385e+08   -1.42058e+05      0.00000e+00   -1.37278e+07   -3.38021e+06 -2.08876e+08
    45      7    6.03394e+06  2.34436e+13    2.60457e+07   -4.77294e+07   -2.62317e+03      0.00000e+00   -6.46596e+06    1.48215e+05 -2.80041e+07
    45      8    4.82150e+06  1.16766e+13    2.57724e+07   -1.32734e+07   -9.51635e+03      0.00000e+00   -6.59332e+06   -6.27358e+05  5.26877e+06
    45      9    4.59495e+06  6.29571e+13    3.99879e+07   -4.23178e+06   -2.78338e+05      0.00000e+00   -4.95619e+06   -1.31625e+06  2.92053e+07
    45     10    5.83393e+06  1.47850e+14    3.29997e+07   -4.23467e+05   -7.07406e+05      0.00000e+00   -8.90549e+05   -3.10438e+06  2.78739e+07
    45     11    7.40360e+06  2.34761e+14    4.85401e+07   -2.18737e+04   -5.06428e+05      0.00000e+00    3.75709e+05   -5.42896e+06  4.29585e+07
    45     12    8.21996e+06  3.15694e+14    3.23711e+07   -5.97308e-07   -7.84019e+05      0.00000e+00    8.67495e+05   -6.61707e+06  2.58375e+07
    46      1    8.55149e+06  3.85947e+14    3.33310e+07   -2.92425e+05   -6.33833e+05      0.00000e+00    1.80115e+06   -5.76925e+06  2.84367e+07
    46      2    8.64575e+06  4.50499e+14    3.36544e+07   -1.61069e+05   -2.56331e+06      0.00000e+00    2.34348e+06   -1.08093e+07  2.24642e+07
    46      3    8.70839e+06  5.22441e+14    4.73594e+07   -4.75246e+05   -3.12992e+06      0.00000e+00    1.51191e+06   -1.06099e+07  3.46563e+07
    46      4    8.61247e+06  6.12482e+14    4.42697e+07   -7.91427e+06   -1.11919e+06      0.00000e+00   -7.67912e+05   -9.94399e+06  2.45243e+07
    46      5    8.27225e+06  6.32879e+14    3.34946e+07   -4.49673e+07   -2.89799e+06      0.00000e+00   -8.40071e+06   -7.08078e+06 -2.98521e+07
    46      6    7.31582e+06  2.87186e+14    3.41295e+07   -2.06170e+08   -1.95550e+05      0.00000e+00   -1.74155e+07   -6.53087e+06 -1.96182e+08
    46      7    5.95466e+06  1.45129e+13    2.96247e+07   -3.90414e+07   -4.93232e+04      0.00000e+00   -6.28580e+06   -2.72281e+05 -1.60241e+07
    46      8    4.58186e+06  5.39759e+12    1.88551e+07   -1.47049e+07   -1.10993e+05      0.00000e+00   -4.48266e+06   -6.88456e+05 -1.13193e+06
    46      9    4.25765e+06  2.27658e+13    1.99575e+07   -5.07701e+05   -2.17079e+05      0.00000e+00   -4.12780e+06   -7.95483e+05  1.43094e+07
    46     10    5.93211e+06  1.04664e+14    4.24615e+07   -7.57327e+04   -1.66949e+06      0.00000e+00   -8.95921e+05   -2.82553e+06  3.69948e+07
    46     11    7.53202e+06  1.88774e+14    3.80646e+07   -4.07858e+05   -9.32716e+05      0.00000e+00    3.86766e+05   -4.55409e+06  3.25567e+07
    46     12    8.24050e+06  2.60080e+14    2.80147e+07   -7.91559e+00   -4.08324e+05      0.00000e+00   -3.09535e+05   -4.58503e+06  2.27118e+07
    47      1    8.70717e+06  3.27202e+14    3.57693e+07   -2.33954e+05   -7.04397e+05      0.00000e+00    4.31349e+05   -7.42617e+06  2.78361e+07
    47      2    8.72199e+06  4.09986e+14    5.98383e+07   -2.45824e+06   -2.22707e+06      0.00000e+00    2.83505e+06   -8.46177e+06  4.95262e+07
    47      3    8.60138e+06  5.25863e+14    3.94724e+07   -1.52876e+05   -9.47444e+05      0.00000e+00    1.80173e+06   -1.25120e+07  2.76618e+07
    47      4    8.64764e+06  5.92432e+14    4.18700e+07   -9.42498e+05   -4.01518e+06      0.00000e+00   -1.48410e+05   -8.55567e+06  2.82083e+07
    47      5    8.33044e+06  6.33563e+14    4.15029e+07   -3.77183e+07   -2.40138e+06      0.00000e+00   -1.28647e+07   -5.79475e+06 -1.72763e+07
    47      6    7.51969e+06  2.93953e+14    3.29379e+07   -2.22272e+08   -8.58452e+04      0.00000e+00   -1.41585e+07   -6.68240e+06 -2.10261e+08
    47      7    6.27783e+06  1.39534e+13    3.14580e+07   -3.86892e+07   -5.18325e+03      0.00000e+00   -7.06750e+06   -8.11582e+04 -1.43850e+07
    47      8    4.74289e+06  9.10641e+12    2.53558e+07   -1.11385e+07   -4.65965e+04      0.00000e+00   -6.80732e+06   -3.02006e+05  7.06142e+06
    47      9    4.66810e+06  6.02767e+13    3.97065e+07   -3.44203e+06   -1.13500e+06      0.00000e+00   -3.33692e+06   -2.36131e+05  3.15564e+07
    47     10    6.42056e+06  1.66453e+14    5.13654e+07   -9.24225e+04   -1.85888e+06      0.00000e+00   -1.25741e+05   -3.96154e+06  4.53268e+07
    47     11    7.74988e+06  2.71649e+14    4.12672e+07   -8.32506e+03   -1.57018e+06      0.00000e+00    2.15622e+05   -6.73933e+06  3.31649e+07
    47     12    8.21968e+06  3.58869e+14    4.57900e+07   -1.26255e+05   -1.16969e+06      0.00000e+00    1.02023e+06   -1.06711e+07  3.48432e+07
    48      1    8.40346e+06  4.56777e+14    4.21787e+07   -1.68197e+05   -1.53202e+06      0.00000e+00    1.34104e+06   -1.05201e+07  3.12995e+07
    48      2    8.46223e+06  5.31344e+14    4.47341e+07   -5.26331e+03   -1.06260e+06      0.00000e+00    2.16879e+06   -8.44672e+06  3.73883e+07
    48      3    8.49299e+06  6.26657e+14    5.02688e+07   -1.21409e+06   -1.70979e+06      0.00000e+00    1.94006e+06   -1.66473e+07  3.26376e+07
    48      4    8.53228e+06  7.05029e+14    4.25270e+07   -3.30526e+05   -1.98134e+06      0.00000e+00    1.35537e+05   -1.04782e+07  2.98724e+07
    48      5    8.25922e+06  7.29258e+14    5.04757e+07   -7.45082e+07   -2.53614e+06      0.00000e+00   -1.28401e+07   -9.27925e+06 -4.86881e+07
    48      6    7.34620e+06  3.13875e+14    3.67560e+07   -2.12047e+08   -6.16292e+05      0.00000e+00   -1.88951e+07   -6.69927e+06 -2.01501e+08
    48      7    5.98411e+06  4.38065e+13    4.36221e+07   -6.11253e+07   -1.14170e+04      0.00000e+00   -1.24458e+07   -2.58105e+05 -3.02185e+07
    48      8    4.39011e+06  1.26231e+13    2.20317e+07   -1.61373e+07   -4.88585e+04      0.00000e+00   -4.81543e+06   -3.15752e+05  7.14350e+05
    48      9    4.06506e+06  3.63454e+13    2.56800e+07   -2.01580e+06   -4.51094e+05      0.00000e+00   -5.72364e+06   -6.02317e+05  1.68871e+07
    48     10    5.97483e+06  1.09441e+14    3.92570e+07   -6.01230e+04   -3.00032e+06      0.00000e+00   -1.48424e+06   -2.37503e+06  3.23373e+07
    48     11    7.52090e+06  1.81168e+14    3.17183e+07   -5.61245e+04   -5.19864e+05      0.00000e+00    3.07550e+04   -3.87647e+06  2.72966e+07
    48     12    8.22692e+06  2.50998e+14    2.60731e+07   -4.15871e+03   -1.50921e+05      0.00000e+00    6.86834e+05   -4.36764e+06  2.22372e+07
    49      1    8.53825e+06  3.25621e+14    3.02542e+07   -5.89171e+04   -3.27885e+05      0.00000e+00    2.08799e+06   -5.47640e+06  2.64790e+07
    49      2    8.69475e+06  3.79392e+14    2.92851e+07   -8.18660e+04   -1.38608e+06      0.00000e+00    2.21978e+06   -4.34379e+06  2.56931e+07
    49      3    8.65735e+06  4.76736e+14    5.29295e+07   -2.72259e+05   -1.53726e+06      0.00000e+00    1.35467e+06   -6.07416e+06  4.64005e+07
    49      4    8.68690e+06  5.77581e+14    3.50835e+07   -1.56588e+06   -2.79050e+06      0.00000e+00    2.11656e+05   -5.51894e+06  2.54199e+07
    49      5    8.35539e+06  5.98244e+14    2.62647e+07   -2.90058e+07   -1.67317e+06      0.00000e+00   -1.13146e+07   -5.59739e+06 -2.13263e+07
    49      6    7.71731e+06  2.56611e+14    2.20240e+07   -2.09861e+08   -4.17687e+05      0.00000e+00   -1.46603e+07   -7.06168e+06 -2.09976e+08
    49      7    6.76418e+06  7.01857e+12    3.06151e+07   -2.84670e+07   -6.44251e+04      0.00000e+00   -6.72716e+06    1.08693e+05 -4.53479e+06
    49      8    5.34690e+06  5.03764e+12    2.00510e+07   -1.07082e+07   -1.30755e+04      0.00000e+00   -5.45741e+06   -1.12295e+05  3.76008e+06
    49      9    5.01618e+06  5.54220e+13    4.10518e+07   -1.02699e+06   -1.70184e+06      0.00000e+00   -3.97507e+06   -1.25172e+06  3.30962e+07
    49     10    6.38548e+06  1.44725e+14    3.70534e+07   -1.53072e+05   -5.65226e+05      0.00000e+00   -2.16990e+06   -3.23001e+06  3.09352e+07
    49     11    7.65941e+06  2.36662e+14    4.66976e+07   -2.23994e+05   -8.41698e+05      0.00000e+00   -1.56267e+06   -5.16739e+06  3.89019e+07
    49     12    8.41851e+06  3.25798e+14    3.86565e+07   -8.74892e+03   -4.30995e+05      0.00000e+00    7.72355e+05   -7.91268e+06  3.10764e+07
    50      1    8.67280e+06  4.10405e+14    3.31259e+07   -1.85998e+04   -8.41708e+05      0.00000e+00    1.31289e+06   -6.16787e+06  2.74106e+07
    50      2    8.71035e+06  4.71140e+14    3.31142e+07   -1.91265e+05   -8.09389e+05      0.00000e+00    1.67291e+06   -5.73540e+06  2.80511e+07
    50      3    8.74752e+06  5.42670e+14    3.34338e+07   -8.77186e+04   -2.17469e+06      0.00000e+00    7.90524e+05   -9.44568e+06  2.25163e+07
    50      4    8.73471e+06  5.90608e+14    2.76710e+07   -2.90924e+06   -2.07132e+06      0.00000e+00    8.54673e+05   -4.89520e+06  1.86499e+07
    50      5    8.39574e+06  5.97556e+14    3.99745e+07   -4.75184e+07   -2.21110e+05      0.00000e+00   -9.87442e+06   -4.96872e+06 -2.26082e+07
    50      6    7.78506e+06  3.10877e+14    3.25487e+07   -1.89936e+08   -2.66320e+05      0.00000e+00   -1.59342e+07   -3.82378e+06 -1.77412e+08
    50      7    6.70851e+06  2.77119e+13    2.44917e+07   -4.91523e+07   -4.97154e+04      0.00000e+00   -8.83079e+06    5.18671e+05 -3.30225e+07
    50      8    5.56348e+06  1.16542e+13    2.51940e+07   -8.70041e+06   -1.22345e+05      0.00000e+00   -8.10596e+06    4.23368e+04  8.30761e+06
    50      9    5.58538e+06  7.99510e+13    5.10052e+07   -2.85487e+06   -2.90537e+05      0.00000e+00   -4.68125e+06   -2.49404e+05  4.29291e+07
    50     10    7.04148e+06  1.99816e+14    4.96002e+07   -3.38163e+05   -1.07627e+06      0.00000e+00    5.98073e+05   -3.89421e+06  4.48896e+07
    50     11    8.13696e+06  3.14699e+14    5.46094e+07   -7.54939e+04   -2.29471e+06      0.00000e+00    4.92305e+05   -6.91539e+06  4.58161e+07
    50     12    8.65836e+06  4.16573e+14    4.93809e+07   -1.59986e+05   -9.33626e+05      0.00000e+00    1.49763e+06   -7.19856e+06  4.25863e+07
    51      1    8.66035e+06  5.28058e+14    3.93863e+07   -4.36868e+04   -1.41764e+06      0.00000e+00    1.58139e+06   -1.00454e+07  2.94610e+07
    51      2    8.69098e+06  5.98557e+14    4.17806e+07   -8.00044e+04   -1.10409e+06      0.00000e+00    1.57791e+06   -1.37321e+07  2.84424e+07
    51      3    8.71703e+06  6.98381e+14    5.76323e+07   -1.94756e+05   -2.95002e+06      0.00000e+00    2.76070e+06   -1.32386e+07  4.40096e+07
    51      4    8.66425e+06  8.29120e+14    7.12922e+07   -7.61570e+06   -3.91319e+06      0.00000e+00    5.26028e+04   -1.43765e+07  4.54394e+07
    51      5    8.18780e+06  8.67031e+14    2.54924e+07   -2.01744e+07   -2.54900e+06      0.00000e+00   -1.33221e+07   -4.71953e+06 -1.52726e+07
    51      6    7.51177e+06  4.67310e+14    3.07581e+07   -2.84218e+08   -6.88912e+05      0.00000e+00   -1.87048e+07   -1.17172e+07 -2.84570e+08
    51      7    6.53760e+06  3.21167e+13    2.96391e+07   -5.81566e+07   -2.57231e+04      0.00000e+00   -7.32287e+06   -3.72084e+05 -3.62382e+07
    51      8    5.25794e+06  1.49101e+13    3.39005e+07   -1.74744e+07   -1.06582e+05      0.00000e+00   -6.83275e+06   -6.40675e+04  9.42270e+06
    51      9    5.04269e+06  6.47156e+13    3.58234e+07   -3.96483e+06   -8.68473e+05      0.00000e+00   -4.84835e+06   -3.72058e+05  2.57697e+07
    51     10    6.69563e+06  1.39595e+14    3.46014e+07   -2.68549e+05   -7.65102e+05      0.00000e+00   -2.00031e+06   -2.48488e+06  2.90826e+07
    51     11    7.94830e+06  2.09640e+14    3.42925e+07   -9.34635e+03   -3.34980e+05      0.00000e+00    2.32706e+04   -3.71933e+06  3.02521e+07
    51     12    8.47749e+06  2.95774e+14    4.73965e+07   -1.40918e+05   -1.14320e+05      0.00000e+00    1.64103e+05   -6.54982e+06  4.07556e+07
